1 Airfoil data for IEA 15 MW
8
1 120 21.100000 configuration: Default, Re = 1.000e+07
 -1.800000000000000e+02   0.000000000000000e+00   2.464146255885971e-02   0.000000000000000e+00 
 -1.777142857404007e+02   5.402504999999973e-02   2.533819157601850e-02   9.142857142857111e-02 
 -1.754285714000024e+02   1.080501000000001e-01   2.742386791262707e-02   1.828571428571434e-01 
 -1.731428571168999e+02   1.620751499999998e-01   3.088494454883671e-02   2.742857142857145e-01 
 -1.708571604236018e+02   2.161002000000001e-01   3.569894666004403e-02   3.657142857142855e-01 
 -1.685716317788249e+02   2.701252499999999e-01   5.599104793704501e-02   3.919171380083344e-01 
 -1.662857142675925e+02   3.241502999999996e-01   8.143456941199648e-02   3.789845588216693e-01 
 -1.639999999844900e+02   3.781753499999999e-01   1.111181199774720e-01   3.660519796350041e-01 
 -1.617144728866992e+02   4.322003999999997e-01   1.448529823401942e-01   3.531194004483390e-01 
 -1.594283712841272e+02   4.862254499999999e-01   1.824246843171338e-01   3.476784059442646e-01 
 -1.571428426393504e+02   5.402504999999997e-01   2.235943631517934e-01   3.647121654879618e-01 
 -1.548573139945735e+02   5.942755500000001e-01   2.681002849817088e-01   3.817459250316594e-01 
 -1.525714285689776e+02   6.483005999999998e-01   3.156595097900088e-01   3.987796845753567e-01 
 -1.502857142858751e+02   7.023256500000000e-01   3.659696912483095e-01   4.158134441190544e-01 
 -1.480000000027727e+02   7.563506999999998e-01   4.187110000000000e-01   4.195454592054533e-01 
 -1.438571428360015e+02   7.318783269239915e-01   5.194063216490634e-01   4.228655348597155e-01 
 -1.397142857265262e+02   7.065528355994307e-01   6.248782153204180e-01   4.263227290676669e-01 
 -1.355714285597550e+02   6.776040044026928e-01   7.329268692419378e-01   4.316310237504245e-01 
 -1.314285714502797e+02   6.433295384757597e-01   8.412988626197737e-01   4.369393184331820e-01 
 -1.272857142835086e+02   6.027662380766498e-01   9.477341973794456e-01   4.438932390944983e-01 
 -1.231428571167375e+02   5.555015408989838e-01   1.050013466313862e+00   4.517132786918981e-01 
 -1.190000000072621e+02   5.015565175320579e-01   1.146004172998905e+00   4.589740874879120e-01 
 -1.148571428404910e+02   4.413065924667310e-01   1.233705236549658e+00   4.644773137652843e-01 
 -1.107142857310156e+02   3.754225708324188e-01   1.311288752188593e+00   4.699805400426567e-01 
 -1.065714285642445e+02   3.048226261816518e-01   1.377138135889630e+00   4.709637155505512e-01 
 -1.024285714547692e+02   2.306301410703767e-01   1.429881856853057e+00   4.710052138148045e-01 
 -9.828571428799803e+01   1.541346331849047e-01   1.468422053679695e+00   4.682373893923625e-01 
 -9.414285712122692e+01   7.675435743785330e-02   1.491957436925499e+00   4.614896911637687e-01 
 -9.000000001175157e+01   6.938893903907228e-17   1.500000000000000e+00   4.547419929351749e-01 
 -8.585714284498043e+01  -7.675435743785307e-02   1.491957436925499e+00   4.402616052017690e-01 
 -8.171428573550509e+01  -1.541346331849047e-01   1.468422053679695e+00   4.257812174683632e-01 
 -7.757142856873395e+01  -2.306301410703764e-01   1.429881856853057e+00   4.082106877197933e-01 
 -7.342857140196283e+01  -3.048226261816516e-01   1.377138135889630e+00   3.884588812546371e-01 
 -6.928571429248747e+01  -3.754225708324188e-01   1.311288752188593e+00   3.681533816888277e-01 
 -6.514285712571635e+01  -4.413065924667308e-01   1.233705236549658e+00   3.451901552398833e-01 
 -6.100000001624101e+01  -5.015565175320579e-01   1.146004172998905e+00   3.222269287909390e-01 
 -5.685714284946987e+01  -5.555015408989837e-01   1.050013466313863e+00   2.986411272359326e-01 
 -5.271428573999452e+01  -6.027662380766498e-01   9.477341973794456e-01   2.748572336017246e-01 
 -4.857142857322340e+01  -6.433295384757594e-01   8.412988626197743e-01   2.512805789575005e-01 
 -4.442857140645227e+01  -6.776040044026929e-01   7.329268692419378e-01   2.280976783942457e-01 
 -4.028571429697693e+01  -7.065528355994307e-01   6.248782153204183e-01   2.049147778309909e-01 
 -3.614285713020579e+01  -7.318783269239915e-01   5.194063216490632e-01   1.541624777852183e-01 
 -3.200000002073045e+01  -7.563507000000002e-01   4.187110000000000e-01   1.013680000000000e-01 
 -2.800000002530111e+01  -8.563600000000000e-01   2.869090000000000e-01   6.526980000000000e-02 
 -2.399999997257600e+01  -1.182920000000000e+00   1.395970000000000e-01   1.647420000000005e-02 
 -1.999999997714667e+01  -1.235960000000000e+00   8.344590000000000e-02  -3.515600000000000e-03 
 -1.799999997943200e+01  -1.225360000000000e+00   6.509160000000000e-02  -6.716600000000001e-03 
 -1.599999998171733e+01  -1.204760000000000e+00   4.888190000000000e-02  -8.812749999999999e-03 
 -1.399999998400267e+01  -1.183320000000000e+00   3.417230000000000e-02  -1.100920000000000e-02 
 -1.199999998628800e+01  -1.100930000000000e+00   2.132470000000000e-02  -2.268789999999999e-02 
 -9.999999988573334e+00  -8.820850000000000e-01   1.385860000000000e-02  -4.396750000000000e-02 
 -7.999999990858666e+00  -6.298100000000000e-01   1.075410000000000e-02  -5.755950000000000e-02 
 -5.999999993144000e+00  -3.767010000000000e-01   8.815799999999999e-03  -6.747470000000000e-02 
 -3.999999995429333e+00  -1.217720000000000e-01   7.021840000000000e-03  -7.680390000000001e-02 
 -1.999999997714667e+00   1.281010000000000e-01   6.630470000000000e-03  -8.283000000000000e-02 
 -1.000000027505223e+00   2.519200000000000e-01   6.643630000000000e-03  -8.534420000000001e-02 
  0.000000000000000e+00   3.753540000000000e-01   6.700560000000000e-03  -8.777210000000001e-02 
  1.000000027505223e+00   4.982810000000000e-01   6.808190000000000e-03  -9.010570000000000e-02 
  1.999999997714667e+00   6.205240000000001e-01   6.978590000000000e-03  -9.234150000000001e-02 
  3.000000025219890e+00   7.420040000000000e-01   7.203110000000000e-03  -9.446900000000000e-02 
  3.999999995429333e+00   8.623750000000000e-01   7.514809999999999e-03  -9.646349999999999e-02 
  5.000000022934556e+00   9.811400000000000e-01   7.958470000000000e-03  -9.828010000000000e-02 
  5.999999993144000e+00   1.096620000000000e+00   8.721690000000001e-03  -9.977290000000000e-02 
  7.000000020649224e+00   1.209040000000000e+00   9.683530000000001e-03  -1.009470000000000e-01 
  7.999999990858666e+00   1.316800000000000e+00   1.096950000000000e-02  -1.016336000000000e-01 
  9.000000018363890e+00   1.422090000000000e+00   1.227480000000000e-02  -1.020701000000000e-01 
  9.999999988573334e+00   1.523610000000000e+00   1.368590000000000e-02  -1.021297000000000e-01 
  1.100000001607856e+01   1.619880000000000e+00   1.528810000000000e-02  -1.017353000000000e-01 
  1.199999998628800e+01   1.709370000000000e+00   1.717090000000000e-02  -1.008680000000000e-01 
  1.300000001379322e+01   1.786810000000000e+00   1.973550000000000e-02  -9.936350000000001e-02 
  1.399999998400267e+01   1.842900000000000e+00   2.367920000000000e-02  -9.719870000000000e-02 
  1.500000001150789e+01   1.853130000000000e+00   3.094030000000000e-02  -9.409750000000000e-02 
  1.599999998171733e+01   1.809510000000000e+00   4.303190000000000e-02  -9.143930000000000e-02 
  1.799999997943200e+01   1.660330000000000e+00   7.730410000000000e-02  -9.242000000000000e-02 
  1.999999997714667e+01   1.561520000000000e+00   1.120170000000000e-01  -9.870720000000001e-02 
  2.399999997257600e+01   1.433270000000000e+00   1.840800000000000e-01  -1.177020000000000e-01 
  2.800000002530111e+01   1.290620000000000e+00   2.758920000000000e-01  -1.456580000000000e-01 
  3.200000002073045e+01   1.080501000000000e+00   4.187110000000000e-01  -1.826600000000000e-01 
  3.614285713020579e+01   1.045540467034274e+00   5.194063216490632e-01  -2.091344193953699e-01 
  4.028571429697693e+01   1.009361193713472e+00   6.248782153204185e-01  -2.353353726197231e-01 
  4.442857140645227e+01   9.680057205752755e-01   7.329268692419378e-01  -2.578445325353481e-01 
  4.857142857322340e+01   9.190421978225134e-01   8.412988626197743e-01  -2.803536924509731e-01 
  5.271428573999452e+01   8.610946258237854e-01   9.477341973794456e-01  -3.016313955154150e-01 
  5.685714284946987e+01   7.935736298556911e-01   1.050013466313863e+00  -3.222609633950237e-01 
  6.100000001624101e+01   7.165093107600827e-01   1.146004172998905e+00  -3.424694255055559e-01 
  6.514285712571635e+01   6.304379892381867e-01   1.233705236549658e+00  -3.613544123418473e-01 
  6.928571429248747e+01   5.363179583320269e-01   1.311288752188593e+00  -3.802393991781386e-01 
  7.342857140196283e+01   4.354608945452166e-01   1.377138135889630e+00  -3.970410534414668e-01 
  7.757142856873395e+01   3.294716301005378e-01   1.429881856853057e+00  -4.134086800854276e-01 
  8.171428573550509e+01   2.201923331212924e-01   1.468422053679695e+00  -4.284443809438795e-01 
  8.585714284498043e+01   1.096490820540758e-01   1.491957436925499e+00  -4.415931869395273e-01 
  9.000000001175157e+01   9.714451465470120e-17   1.500000000000000e+00  -4.547419929351749e-01 
  9.414285712122692e+01  -7.675435743785305e-02   1.491957436925499e+00  -4.614896911637686e-01 
  9.828571428799803e+01  -1.541346331849047e-01   1.468422053679695e+00  -4.682373893923625e-01 
  1.024285714547692e+02  -2.306301410703764e-01   1.429881856853057e+00  -4.710052138148045e-01 
  1.065714285642445e+02  -3.048226261816516e-01   1.377138135889630e+00  -4.709637155505513e-01 
  1.107142857310156e+02  -3.754225708324188e-01   1.311288752188593e+00  -4.699805400426568e-01 
  1.148571428404910e+02  -4.413065924667307e-01   1.233705236549658e+00  -4.644773137652844e-01 
  1.190000000072621e+02  -5.015565175320579e-01   1.146004172998905e+00  -4.589740874879120e-01 
  1.231428571167375e+02  -5.555015408989835e-01   1.050013466313863e+00  -4.517132786918981e-01 
  1.272857142835086e+02  -6.027662380766498e-01   9.477341973794456e-01  -4.438932390944983e-01 
  1.314285714502797e+02  -6.433295384757597e-01   8.412988626197737e-01  -4.369393184331820e-01 
  1.355714285597550e+02  -6.776040044026928e-01   7.329268692419378e-01  -4.316310237504245e-01 
  1.397142857265262e+02  -7.065528355994307e-01   6.248782153204180e-01  -4.263227290676669e-01 
  1.438571428360015e+02  -7.318783269239915e-01   5.194063216490634e-01  -4.228655348597155e-01 
  1.480000000027727e+02  -7.563507000000002e-01   4.187110000000000e-01  -4.195454592054533e-01 
  1.502857142858751e+02  -7.023256500000000e-01   3.659696912483095e-01  -4.158134441190544e-01 
  1.525714285689776e+02  -6.483005999999998e-01   3.156595097900088e-01  -3.987796845753567e-01 
  1.548571428520801e+02  -5.942755500000001e-01   2.681002849817088e-01  -3.817459250316594e-01 
  1.571428571351826e+02  -5.402504999999997e-01   2.235943631517934e-01  -3.647121654879618e-01 
  1.594285714182851e+02  -4.862254499999999e-01   1.824246843171338e-01  -3.476784059442646e-01 
  1.617142857013875e+02  -4.322004000000002e-01   1.448529823401946e-01  -3.702622575911958e-01 
  1.639999999844900e+02  -3.781753499999999e-01   1.111181199774720e-01  -4.060519796350041e-01 
  1.662857142675925e+02  -3.241503000000002e-01   8.143456941199678e-02  -4.418417016788119e-01 
  1.685714285506950e+02  -2.701252499999999e-01   5.599104793704501e-02  -4.776314237226202e-01 
  1.708571428337974e+02  -2.161002000000001e-01   3.569894666004403e-02  -4.571428571428570e-01 
  1.731428571168999e+02  -1.620751499999998e-01   3.088494454883671e-02  -3.428571428571431e-01 
  1.754285714000024e+02  -1.080501000000001e-01   2.742386791262707e-02  -2.285714285714291e-01 
  1.777142857404007e+02  -5.402504999999973e-02   2.533819157601850e-02  -1.142857142857139e-01 
  1.800000000000000e+02   4.857225732735060e-18   2.464146255885971e-02   0.000000000000000e+00 
2 120 24.100000 configuration: Default, Re = 1.000e+07
 -1.800000000000000e+02   0.000000000000000e+00   1.177544706410594e-02   0.000000000000000e+00 
 -1.777142857404007e+02   5.817799999999972e-02   1.248241260198391e-02   9.142857142857111e-02 
 -1.754285714000024e+02   1.163560000000001e-01   1.459878240467653e-02   1.828571428571434e-01 
 -1.731428571168999e+02   1.745339999999998e-01   1.811096054673407e-02   2.742857142857145e-01 
 -1.708571604236018e+02   2.327120000000001e-01   2.299639088779405e-02   3.657142857142855e-01 
 -1.685716317788249e+02   2.908899999999999e-01   2.922369647552087e-02   3.956763450520955e-01 
 -1.662857142675925e+02   3.490679999999995e-01   5.381969831066666e-02   3.887584971354481e-01 
 -1.639999999844900e+02   4.072459999999999e-01   8.379399231618556e-02   3.818406492188006e-01 
 -1.617144728866992e+02   4.654239999999996e-01   1.178630778979731e-01   3.749228013021533e-01 
 -1.594283712841272e+02   5.236020000000000e-01   1.558119510371117e-01   3.740843285591013e-01 
 -1.571428426393504e+02   5.817799999999997e-01   1.974011487998909e-01   3.914839813368354e-01 
 -1.548573139945735e+02   6.399580000000001e-01   2.423682697603470e-01   4.088836341145699e-01 
 -1.525714285689776e+02   6.981359999999998e-01   2.904296400140884e-01   4.262832868923042e-01 
 -1.502857142858751e+02   7.563140000000002e-01   3.412821141889975e-01   4.436829396700386e-01 
 -1.480000000027727e+02   8.144919999999998e-01   3.946050000000000e-01   4.453716275543733e-01 
 -1.438571428360015e+02   7.792464302724209e-01   4.964515212818632e-01   4.443643566491176e-01 
 -1.397142857265262e+02   7.451071591370395e-01   6.031945752737573e-01   4.435983994287483e-01 
 -1.355714285597550e+02   7.088137481222476e-01   7.126277071805793e-01   4.460901769543472e-01 
 -1.314285714502797e+02   6.683458115525404e-01   8.224902609928115e-01   4.485819544799459e-01 
 -1.272857142835086e+02   6.225263575881583e-01   9.305144490385059e-01   4.536989103045144e-01 
 -1.231428571167375e+02   5.707951681755026e-01   1.034472560839366e+00   4.601975389180142e-01 
 -1.190000000072621e+02   5.130692040229429e-01   1.132223326418828e+00   4.663277194153696e-01 
 -1.148571428404910e+02   4.496493863351846e-01   1.221756466908459e+00   4.712999201191282e-01 
 -1.107142857310156e+02   3.811527280710469e-01   1.301234503184361e+00   4.762721208228869e-01 
 -1.065714285642445e+02   3.084584943135641e-01   1.369030950546305e+00   4.770470794649723e-01 
 -1.024285714547692e+02   2.326621563088236e-01   1.423764102933106e+00   4.769476126775422e-01 
 -9.828571428799803e+01   1.550337076275116e-01   1.464325702272211e+00   4.740887008224939e-01 
 -9.414285712122692e+01   7.697853256272918e-02   1.489903895366822e+00   4.673205751216530e-01 
 -9.000000001175157e+01   6.938893903907228e-17   1.500000000000000e+00   4.605524494208121e-01 
 -8.585714284498043e+01  -7.697853256272895e-02   1.489903895366822e+00   4.450945670669362e-01 
 -8.171428573550509e+01  -1.550337076275116e-01   1.464325702272211e+00   4.296366847130603e-01 
 -7.757142856873395e+01  -2.326621563088234e-01   1.423764102933106e+00   4.112541220321606e-01 
 -7.342857140196283e+01  -3.084584943135639e-01   1.369030950546305e+00   3.908070791204207e-01 
 -6.928571429248747e+01  -3.811527280710469e-01   1.301234503184361e+00   3.698777372479554e-01 
 -6.514285712571635e+01  -4.496493863351844e-01   1.221756466908460e+00   3.466333603640094e-01 
 -6.100000001624101e+01  -5.130692040229429e-01   1.132223326418828e+00   3.233889834800633e-01 
 -5.685714284946987e+01  -5.707951681755025e-01   1.034472560839366e+00   2.998354483726866e-01 
 -5.271428573999452e+01  -6.225263575881583e-01   9.305144490385059e-01   2.761835447396729e-01 
 -4.857142857322340e+01  -6.683458115525401e-01   8.224902609928122e-01   2.527992279113344e-01 
 -4.442857140645227e+01  -7.088137481222476e-01   7.126277071805793e-01   2.299233260118784e-01 
 -4.028571429697693e+01  -7.451071591370394e-01   6.031945752737576e-01   2.070474241124226e-01 
 -3.614285713020579e+01  -7.792464302724209e-01   4.964515212818629e-01   1.456060142046668e-01 
 -3.200000002073045e+01  -8.144920000000002e-01   3.946050000000000e-01   8.130790000000000e-02 
 -2.800000002530111e+01  -1.077809000000000e+00   2.225210000000000e-01   4.591690000000000e-02 
 -2.399999997257600e+01  -1.126920000000000e+00   1.515920000000000e-01   1.901030000000003e-02 
 -1.999999997714667e+01  -1.144800000000000e+00   9.698750000000000e-02   6.315499999999995e-04 
 -1.799999997943200e+01  -1.127970000000000e+00   7.743530000000000e-02  -3.422450000000000e-03 
 -1.599999998171733e+01  -1.093920000000000e+00   6.122230000000000e-02  -5.865200000000000e-03 
 -1.399999998400267e+01  -1.059610000000000e+00   4.667210000000000e-02  -6.521250000000000e-03 
 -1.199999998628800e+01  -1.031215000000000e+00   3.302160000000000e-02  -7.554099999999999e-03 
 -9.999999988573334e+00  -9.370590000000000e-01   2.026880000000000e-02  -2.243230000000000e-02 
 -7.999999990858666e+00  -6.737950000000000e-01   1.167894000000000e-02  -5.582900000000000e-02 
 -5.999999993144000e+00  -4.039090000000000e-01   9.178220000000001e-03  -7.159010000000000e-02 
 -3.999999995429333e+00  -1.422600000000000e-01   8.387620000000000e-03  -8.122530000000000e-02 
 -1.999999997714667e+00   1.158039000000000e-01   8.104970000000000e-03  -8.892019999999999e-02 
 -1.000000027505223e+00   2.438240000000000e-01   8.082470000000001e-03  -9.235270000000000e-02 
  0.000000000000000e+00   3.711290000000000e-01   8.127830000000001e-03  -9.556370000000000e-02 
  1.000000027505223e+00   4.976550000000000e-01   8.240289999999999e-03  -9.856780000000000e-02 
  1.999999997714667e+00   6.233420000000001e-01   8.418190000000001e-03  -1.013918000000000e-01 
  3.000000025219890e+00   7.479810000000000e-01   8.673360000000000e-03  -1.040302000000000e-01 
  3.999999995429333e+00   8.713720000000000e-01   9.008570000000000e-03  -1.064510000000000e-01 
  5.000000022934556e+00   9.932020000000000e-01   9.447340000000000e-03  -1.086330000000000e-01 
  5.999999993144000e+00   1.113250000000000e+00   9.978280000000001e-03  -1.105720000000000e-01 
  7.000000020649224e+00   1.230370000000000e+00   1.070204000000000e-02  -1.121410000000000e-01 
  7.999999990858666e+00   1.344960000000000e+00   1.152790000000000e-02  -1.133680000000000e-01 
  9.000000018363890e+00   1.454070000000000e+00   1.269440000000000e-02  -1.139580000000000e-01 
  9.999999988573334e+00   1.559110000000000e+00   1.396460000000000e-02  -1.140270000000000e-01 
  1.100000001607856e+01   1.657790000000000e+00   1.545300000000000e-02  -1.133650000000000e-01 
  1.199999998628800e+01   1.748340000000000e+00   1.724260000000000e-02  -1.118650000000000e-01 
  1.300000001379322e+01   1.826660000000000e+00   1.961130000000000e-02  -1.093510000000000e-01 
  1.399999998400267e+01   1.888310000000000e+00   2.293240000000000e-02  -1.060607000000000e-01 
  1.500000001150789e+01   1.925790000000000e+00   2.795270000000000e-02  -1.023772000000000e-01 
  1.599999998171733e+01   1.927220000000000e+00   3.609130000000000e-02  -9.886919999999999e-02 
  1.799999997943200e+01   1.800550000000000e+00   6.534260000000000e-02  -9.497040000000000e-02 
  1.999999997714667e+01   1.630880000000000e+00   1.045871000000000e-01  -9.995690000000000e-02 
  2.399999997257600e+01   1.433450000000000e+00   1.914850000000000e-01  -1.258880000000000e-01 
  2.800000002530111e+01   1.288050000000000e+00   2.862940000000000e-01  -1.545280000000000e-01 
  3.200000002073045e+01   1.163560000000000e+00   3.946050000000000e-01  -1.839650000000000e-01 
  3.614285713020579e+01   1.113209186103459e+00   4.964515212818629e-01  -2.109869139440005e-01 
  4.028571429697693e+01   1.064438798767199e+00   6.031945752737579e-01  -2.376791550670783e-01 
  4.442857140645227e+01   1.012591068746068e+00   7.126277071805793e-01  -2.599208131076984e-01 
  4.857142857322340e+01   9.547797307893432e-01   8.224902609928122e-01  -2.821624711483185e-01 
  5.271428573999452e+01   8.893233679830833e-01   9.305144490385059e-01  -3.032292136924059e-01 
  5.685714284946987e+01   8.154216688221464e-01   1.034472560839366e+00  -3.236775796593707e-01 
  6.100000001624101e+01   7.329560057470612e-01   1.132223326418828e+00  -3.438049093730668e-01 
  6.514285712571635e+01   6.423562661931204e-01   1.221756466908460e+00  -3.629232680050612e-01 
  6.928571429248747e+01   5.445038972443527e-01   1.301234503184361e+00  -3.820416266370555e-01 
  7.342857140196283e+01   4.406549918765199e-01   1.369030950546305e+00  -3.994389100207872e-01 
  7.757142856873395e+01   3.323745090126048e-01   1.423764102933106e+00  -4.164776360611308e-01 
  8.171428573550509e+01   2.214767251821594e-01   1.464325702272211e+00  -4.323092709995288e-01 
  8.585714284498043e+01   1.099693322324699e-01   1.489903895366822e+00  -4.464308602101705e-01 
  9.000000001175157e+01   9.714451465470120e-17   1.500000000000000e+00  -4.605524494208121e-01 
  9.414285712122692e+01  -7.697853256272895e-02   1.489903895366822e+00  -4.673205751216530e-01 
  9.828571428799803e+01  -1.550337076275116e-01   1.464325702272211e+00  -4.740887008224939e-01 
  1.024285714547692e+02  -2.326621563088234e-01   1.423764102933106e+00  -4.769476126775422e-01 
  1.065714285642445e+02  -3.084584943135639e-01   1.369030950546305e+00  -4.770470794649723e-01 
  1.107142857310156e+02  -3.811527280710469e-01   1.301234503184361e+00  -4.762721208228869e-01 
  1.148571428404910e+02  -4.496493863351842e-01   1.221756466908460e+00  -4.712999201191283e-01 
  1.190000000072621e+02  -5.130692040229429e-01   1.132223326418828e+00  -4.663277194153696e-01 
  1.231428571167375e+02  -5.707951681755022e-01   1.034472560839367e+00  -4.601975389180142e-01 
  1.272857142835086e+02  -6.225263575881583e-01   9.305144490385059e-01  -4.536989103045144e-01 
  1.314285714502797e+02  -6.683458115525404e-01   8.224902609928115e-01  -4.485819544799459e-01 
  1.355714285597550e+02  -7.088137481222476e-01   7.126277071805793e-01  -4.460901769543472e-01 
  1.397142857265262e+02  -7.451071591370395e-01   6.031945752737573e-01  -4.435983994287483e-01 
  1.438571428360015e+02  -7.792464302724209e-01   4.964515212818632e-01  -4.443643566491176e-01 
  1.480000000027727e+02  -8.144920000000002e-01   3.946050000000000e-01  -4.453716275543733e-01 
  1.502857142858751e+02  -7.563140000000002e-01   3.412821141889975e-01  -4.436829396700386e-01 
  1.525714285689776e+02  -6.981359999999998e-01   2.904296400140884e-01  -4.262832868923042e-01 
  1.548571428520801e+02  -6.399580000000001e-01   2.423682697603470e-01  -4.088836341145699e-01 
  1.571428571351826e+02  -5.817799999999997e-01   1.974011487998909e-01  -3.914839813368354e-01 
  1.594285714182851e+02  -5.236020000000000e-01   1.558119510371117e-01  -3.740843285591013e-01 
  1.617142857013875e+02  -4.654240000000002e-01   1.178630778979735e-01  -3.920656584450101e-01 
  1.639999999844900e+02  -4.072459999999999e-01   8.379399231618556e-02  -4.218406492188006e-01 
  1.662857142675925e+02  -3.490680000000003e-01   5.381969831066696e-02  -4.516156399925907e-01 
  1.685714285506950e+02  -2.908899999999999e-01   2.922369647552087e-02  -4.813906307663812e-01 
  1.708571428337974e+02  -2.327120000000001e-01   2.299639088779405e-02  -4.571428571428570e-01 
  1.731428571168999e+02  -1.745339999999998e-01   1.811096054673407e-02  -3.428571428571431e-01 
  1.754285714000024e+02  -1.163560000000001e-01   1.459878240467653e-02  -2.285714285714291e-01 
  1.777142857404007e+02  -5.817799999999972e-02   1.248241260198391e-02  -1.142857142857139e-01 
  1.800000000000000e+02   0.000000000000000e+00   1.177544706410594e-02   0.000000000000000e+00 
3 120 27.000000 configuration: Default, Re = 1.000e+07
 -1.800000000000000e+02   0.000000000000000e+00   1.545145617525337e-02   0.000000000000000e+00 
 -1.777142857404007e+02   6.212899999999969e-02   1.610777849333327e-02   9.142857142857111e-02 
 -1.754285714000024e+02   1.242580000000001e-01   1.807252594664354e-02   1.828571428571434e-01 
 -1.731428571168999e+02   1.863869999999997e-01   2.133302578443705e-02   2.742857142857145e-01 
 -1.708571604236018e+02   2.485160000000001e-01   2.586825350874664e-02   3.657142857142855e-01 
 -1.685716317788249e+02   3.106449999999998e-01   3.288836593727910e-02   3.987378010882770e-01 
 -1.662857142675925e+02   3.727739999999995e-01   5.680723323792564e-02   3.967182828295202e-01 
 -1.639999999844900e+02   4.349029999999999e-01   8.471401060447561e-02   3.946987645707634e-01 
 -1.617144728866992e+02   4.970319999999995e-01   1.164322402549705e-01   3.926792463120065e-01 
 -1.594283712841272e+02   5.591609999999999e-01   1.517613784098523e-01   3.954394359195705e-01 
 -1.571428426393504e+02   6.212899999999997e-01   1.904780692421837e-01   4.125387491260962e-01 
 -1.548573139945735e+02   6.834190000000000e-01   2.323375637112758e-01   4.296380623326223e-01 
 -1.525714285689776e+02   7.455479999999997e-01   2.770752742559843e-01   4.467373755391482e-01 
 -1.502857142858751e+02   8.076770000000001e-01   3.244084554599586e-01   4.638366887456743e-01 
 -1.480000000027727e+02   8.698059999999997e-01   3.740380000000000e-01   4.618649693614473e-01 
 -1.438571428360015e+02   8.165994877207365e-01   4.688206353049151e-01   4.533531927531447e-01 
 -1.397142857265262e+02   7.681195983700221e-01   5.681448033676435e-01   4.452312591985079e-01 
 -1.355714285597550e+02   7.203990529680618e-01   6.699527281827860e-01   4.423722068683588e-01 
 -1.314285714502797e+02   6.709524633842782e-01   7.721361869547816e-01   4.395131545382098e-01 
 -1.272857142835086e+02   6.182782428591802e-01   8.725804326764182e-01   4.407199239530665e-01 
 -1.231428571167375e+02   5.615751466576534e-01   9.692082460346432e-01   4.440665995495052e-01 
 -1.190000000072621e+02   5.005693936664801e-01   1.060023197499036e+00   4.473877569319844e-01 
 -1.148571428404910e+02   4.354013830493610e-01   1.143151216970164e+00   4.506287142134481e-01 
 -1.107142857310156e+02   3.665455794904564e-01   1.216879603727800e+00   4.538696714949119e-01 
 -1.065714285642445e+02   2.947492764813670e-01   1.279692662884011e+00   4.537721512199265e-01 
 -1.024285714547692e+02   2.209822928159040e-01   1.330303224997329e+00   4.529791147873474e-01 
 -9.828571428799803e+01   1.463931471210668e-01   1.367679391470503e+00   4.497339697805277e-01 
 -9.414285712122692e+01   7.226926649699138e-02   1.391065948041092e+00   4.430150042935336e-01 
 -9.000000001175157e+01   5.551115123125782e-17   1.400000000000000e+00   4.362960388065394e-01 
 -8.585714284498043e+01  -7.226926649699114e-02   1.391065948041092e+00   4.217990029204757e-01 
 -8.171428573550509e+01  -1.463931471210668e-01   1.367679391470503e+00   4.073019670344121e-01 
 -7.757142856873395e+01  -2.209822928159038e-01   1.330303224997329e+00   3.901952202168646e-01 
 -7.342857140196283e+01  -2.947492764813668e-01   1.279692662884011e+00   3.712463245065051e-01 
 -6.928571429248747e+01  -3.665455794904564e-01   1.216879603727800e+00   3.519042921503085e-01 
 -6.514285712571635e+01  -4.354013830493607e-01   1.143151216970164e+00   3.306752038940939e-01 
 -6.100000001624101e+01  -5.005693936664801e-01   1.060023197499036e+00   3.094461156378793e-01 
 -5.685714284946987e+01  -5.615751466576534e-01   9.692082460346436e-01   2.881540297241060e-01 
 -5.271428573999452e+01  -6.182782428591802e-01   8.725804326764182e-01   2.668418991011094e-01 
 -4.857142857322340e+01  -6.709524633842781e-01   7.721361869547820e-01   2.457600706579958e-01 
 -4.442857140645227e+01  -7.203990529680619e-01   6.699527281827860e-01   2.251158163566598e-01 
 -4.028571429697693e+01  -7.681195983700218e-01   5.681448033676437e-01   2.044715620553239e-01 
 -3.614285713020579e+01  -8.165994877207366e-01   4.688206353049149e-01   1.395658926964592e-01 
 -3.200000002073045e+01  -8.698060000000001e-01   3.740380000000000e-01   7.138159999999999e-02 
 -2.800000002530111e+01  -1.098365000000000e+00   2.188040000000000e-01   4.399810000000000e-02 
 -2.399999997257600e+01  -1.083388000000000e+00   1.598210000000000e-01   2.166040000000002e-02 
 -1.999999997714667e+01  -1.069897000000000e+00   1.074430000000000e-01   4.219400000000000e-03 
 -1.799999997943200e+01  -1.054540000000000e+00   8.690380000000000e-02  -3.518499999999999e-04 
 -1.599999998171733e+01  -1.034316000000000e+00   6.844340000000000e-02  -3.337150000000000e-03 
 -1.399999998400267e+01  -1.083600000000000e+00   4.733380000000000e-02  -2.831700000000000e-03 
 -1.199999998628800e+01  -1.094892000000000e+00   3.084880000000000e-02  -5.556199999999997e-03 
 -9.999999988573334e+00  -9.266460000000000e-01   1.984330000000000e-02  -2.951695000000000e-02 
 -7.999999990858666e+00  -6.967550000000000e-01   1.439430000000000e-02  -4.821780000000001e-02 
 -5.999999993144000e+00  -4.362760000000000e-01   1.154858000000000e-02  -6.483219999999999e-02 
 -3.999999995429333e+00  -1.625160000000000e-01   1.026380000000000e-02  -7.918660000000000e-02 
 -1.999999997714667e+00   1.070901000000000e-01   9.755139999999999e-03  -9.040660000000000e-02 
 -1.000000027505223e+00   2.399310000000000e-01   9.670830000000000e-03  -9.517280000000000e-02 
  0.000000000000000e+00   3.715780000000000e-01   9.677460000000001e-03  -9.953280000000000e-02 
  1.000000027505223e+00   5.020960000000000e-01   9.764080000000000e-03  -1.035490000000000e-01 
  1.999999997714667e+00   6.313860000000000e-01   9.928859999999999e-03  -1.072544000000000e-01 
  3.000000025219890e+00   7.595140000000000e-01   1.016100000000000e-02  -1.106800000000000e-01 
  3.999999995429333e+00   8.863790000000000e-01   1.045406000000000e-02  -1.138460000000000e-01 
  5.000000022934556e+00   1.011723000000000e+00   1.082305000000000e-02  -1.167290000000000e-01 
  5.999999993144000e+00   1.134300000000000e+00   1.139940000000000e-02  -1.192320000000000e-01 
  7.000000020649224e+00   1.255360000000000e+00   1.197860000000000e-02  -1.214480000000000e-01 
  7.999999990858666e+00   1.373790000000000e+00   1.266910000000000e-02  -1.232810000000000e-01 
  9.000000018363890e+00   1.488410000000000e+00   1.353000000000000e-02  -1.246050000000000e-01 
  9.999999988573334e+00   1.597820000000000e+00   1.460400000000000e-02  -1.252640000000000e-01 
  1.100000001607856e+01   1.700050000000000e+00   1.596720000000000e-02  -1.250480000000000e-01 
  1.199999998628800e+01   1.791900000000000e+00   1.776730000000000e-02  -1.237000000000000e-01 
  1.300000001379322e+01   1.867820000000000e+00   2.035010000000000e-02  -1.209260000000000e-01 
  1.399999998400267e+01   1.926870000000000e+00   2.384960000000000e-02  -1.172510000000000e-01 
  1.500000001150789e+01   1.909010000000000e+00   3.235720000000000e-02  -1.093080000000000e-01 
  1.599999998171733e+01   1.885480000000000e+00   4.258600000000000e-02  -1.052460000000000e-01 
  1.799999997943200e+01   1.721060000000000e+00   7.671539999999999e-02  -1.029160000000000e-01 
  1.999999997714667e+01   1.547370000000000e+00   1.191410000000000e-01  -1.101710000000000e-01 
  2.399999997257600e+01   1.371760000000000e+00   2.018880000000000e-01  -1.343080000000000e-01 
  2.800000002530111e+01   1.336110000000000e+00   2.798110000000000e-01  -1.577740000000000e-01 
  3.200000002073045e+01   1.242580000000000e+00   3.740380000000000e-01  -1.843170000000000e-01 
  3.614285713020579e+01   1.166570696743910e+00   4.688206353049149e-01  -2.100189556620827e-01 
  4.028571429697693e+01   1.097313711957174e+00   5.681448033676439e-01  -2.353116690528524e-01 
  4.442857140645227e+01   1.029141504240088e+00   6.699527281827860e-01  -2.550796117808968e-01 
  4.857142857322340e+01   9.585035191203972e-01   7.721361869547820e-01  -2.748475545089412e-01 
  5.271428573999452e+01   8.832546326559717e-01   8.725804326764182e-01  -2.934552427836259e-01 
  5.685714284946987e+01   8.022502095109334e-01   9.692082460346436e-01  -3.114522708197002e-01 
  6.100000001624101e+01   7.150991338092573e-01   1.060023197499036e+00  -3.292470257762263e-01 
  6.514285712571635e+01   6.220019757848009e-01   1.143151216970165e+00  -3.464060653398862e-01 
  6.928571429248747e+01   5.236365421292234e-01   1.216879603727800e+00  -3.635651049035460e-01 
  7.342857140196283e+01   4.210703949733812e-01   1.279692662884011e+00  -3.794935737543194e-01 
  7.757142856873395e+01   3.156889897370054e-01   1.330303224997329e+00  -3.951656737065747e-01 
  8.171428573550509e+01   2.091330673158098e-01   1.367679391470503e+00  -4.098287562719499e-01 
  8.585714284498043e+01   1.032418092814159e-01   1.391065948041092e+00  -4.230623975392447e-01 
  9.000000001175157e+01   8.326672684688674e-17   1.400000000000000e+00  -4.362960388065394e-01 
  9.414285712122692e+01  -7.226926649699114e-02   1.391065948041092e+00  -4.430150042935335e-01 
  9.828571428799803e+01  -1.463931471210668e-01   1.367679391470503e+00  -4.497339697805277e-01 
  1.024285714547692e+02  -2.209822928159038e-01   1.330303224997329e+00  -4.529791147873474e-01 
  1.065714285642445e+02  -2.947492764813668e-01   1.279692662884011e+00  -4.537721512199265e-01 
  1.107142857310156e+02  -3.665455794904564e-01   1.216879603727800e+00  -4.538696714949119e-01 
  1.148571428404910e+02  -4.354013830493606e-01   1.143151216970165e+00  -4.506287142134482e-01 
  1.190000000072621e+02  -5.005693936664801e-01   1.060023197499036e+00  -4.473877569319844e-01 
  1.231428571167375e+02  -5.615751466576532e-01   9.692082460346441e-01  -4.440665995495052e-01 
  1.272857142835086e+02  -6.182782428591802e-01   8.725804326764182e-01  -4.407199239530665e-01 
  1.314285714502797e+02  -6.709524633842782e-01   7.721361869547816e-01  -4.395131545382098e-01 
  1.355714285597550e+02  -7.203990529680618e-01   6.699527281827860e-01  -4.423722068683588e-01 
  1.397142857265262e+02  -7.681195983700221e-01   5.681448033676435e-01  -4.452312591985079e-01 
  1.438571428360015e+02  -8.165994877207365e-01   4.688206353049151e-01  -4.533531927531447e-01 
  1.480000000027727e+02  -8.698060000000001e-01   3.740380000000000e-01  -4.618649693614473e-01 
  1.502857142858751e+02  -8.076770000000001e-01   3.244084554599586e-01  -4.638366887456743e-01 
  1.525714285689776e+02  -7.455479999999997e-01   2.770752742559843e-01  -4.467373755391482e-01 
  1.548571428520801e+02  -6.834190000000000e-01   2.323375637112758e-01  -4.296380623326223e-01 
  1.571428571351826e+02  -6.212899999999997e-01   1.904780692421837e-01  -4.125387491260962e-01 
  1.594285714182851e+02  -5.591609999999999e-01   1.517613784098523e-01  -3.954394359195705e-01 
  1.617142857013875e+02  -4.970320000000003e-01   1.164322402549709e-01  -4.098221034548635e-01 
  1.639999999844900e+02  -4.349029999999999e-01   8.471401060447561e-02  -4.346987645707633e-01 
  1.662857142675925e+02  -3.727740000000002e-01   5.680723323792593e-02  -4.595754256866629e-01 
  1.685714285506950e+02  -3.106449999999998e-01   3.288836593727910e-02  -4.844520868025629e-01 
  1.708571428337974e+02  -2.485160000000001e-01   2.586825350874664e-02  -4.571428571428570e-01 
  1.731428571168999e+02  -1.863869999999997e-01   2.133302578443705e-02  -3.428571428571431e-01 
  1.754285714000024e+02  -1.242580000000001e-01   1.807252594664354e-02  -2.285714285714291e-01 
  1.777142857404007e+02  -6.212899999999969e-02   1.610777849333327e-02  -1.142857142857139e-01 
  1.800000000000000e+02   0.000000000000000e+00   1.545145617525337e-02   0.000000000000000e+00 
4 120 30.100000 configuration: Default, Re = 1.000e+07
 -1.800000000000000e+02   0.000000000000000e+00   2.453989413077065e-02   0.000000000000000e+00 
 -1.777142857404007e+02   6.508199999999967e-02   2.514126696655583e-02   9.142857142857111e-02 
 -1.754285714000024e+02   1.301640000000001e-01   2.694148005423172e-02   1.828571428571434e-01 
 -1.731428571168999e+02   1.952459999999998e-01   2.992880439118510e-02   2.742857142857145e-01 
 -1.708571604236018e+02   2.603280000000001e-01   3.408378132946343e-02   3.657142857142855e-01 
 -1.685716317788249e+02   3.254099999999999e-01   3.937934331963720e-02   4.008479484483313e-01 
 -1.662857142675925e+02   3.904919999999995e-01   5.910284988155377e-02   4.022046659656612e-01 
 -1.639999999844900e+02   4.555739999999999e-01   8.494939547754046e-02   4.035613834829912e-01 
 -1.617144728866992e+02   5.206559999999996e-01   1.143251434946070e-01   4.049181010003212e-01 
 -1.594283712841272e+02   5.857380000000000e-01   1.470439970668735e-01   4.101043814575410e-01 
 -1.571428426393504e+02   6.508199999999997e-01   1.828986924361337e-01   4.267793507344299e-01 
 -1.548573139945735e+02   7.159020000000000e-01   2.216621162205011e-01   4.434543200113192e-01 
 -1.525714285689776e+02   7.809839999999998e-01   2.630887488137909e-01   4.601292892882083e-01 
 -1.502857142858751e+02   8.460660000000000e-01   3.069162247345773e-01   4.768042585650976e-01 
 -1.480000000027727e+02   9.111479999999997e-01   3.528670000000000e-01   4.716193548383783e-01 
 -1.438571428360015e+02   8.425694639516688e-01   4.406145937890228e-01   4.565615711452652e-01 
 -1.397142857265262e+02   7.818670055437373e-01   5.325517261189517e-01   4.420245323683359e-01 
 -1.355714285597550e+02   7.244843098402394e-01   6.267691333264902e-01   4.345175499598886e-01 
 -1.314285714502797e+02   6.675474270110950e-01   7.213108445444507e-01   4.270105675514412e-01 
 -1.272857142835086e+02   6.092815519921591e-01   8.142149582541823e-01   4.248258607787128e-01 
 -1.231428571167375e+02   5.486798966824511e-01   9.035545382610917e-01   4.254423517089942e-01 
 -1.190000000072621e+02   4.853029569076038e-01   9.874777756507463e-01   4.263415029846930e-01 
 -1.148571428404910e+02   4.191485137572729e-01   1.064246578628016e+00   4.281290153459890e-01 
 -1.107142857310156e+02   3.505614104968701e-01   1.132272784981496e+00   4.299165277072851e-01 
 -1.065714285642445e+02   2.801663191638286e-01   1.190151241564230e+00   4.291631429094398e-01 
 -1.024285714547692e+02   2.088141134973738e-01   1.236689060603091e+00   4.278804045367734e-01 
 -9.828571428799803e+01   1.375365290426018e-01   1.270930442477054e+00   4.244392242984268e-01 
 -9.414285712122692e+01   6.750612865947059e-02   1.292176547172617e+00   4.179402514170336e-01 
 -9.000000001175157e+01   5.551115123125782e-17   1.300000000000000e+00   4.114412785356402e-01 
 -8.585714284498043e+01  -6.750612865947038e-02   1.292176547172617e+00   3.980388844999113e-01 
 -8.171428573550509e+01  -1.375365290426018e-01   1.270930442477054e+00   3.846364904641824e-01 
 -7.757142856873395e+01  -2.088141134973736e-01   1.236689060603091e+00   3.689207722089825e-01 
 -7.342857140196283e+01  -2.801663191638284e-01   1.190151241564230e+00   3.515721192106265e-01 
 -6.928571429248747e+01  -3.505614104968701e-01   1.132272784981496e+00   3.339093887212520e-01 
 -6.514285712571635e+01  -4.191485137572727e-01   1.064246578628016e+00   3.147390862749883e-01 
 -6.100000001624101e+01  -4.853029569076038e-01   9.874777756507463e-01   2.955687838287246e-01 
 -5.685714284946987e+01  -5.486798966824509e-01   9.035545382610920e-01   2.765333377333091e-01 
 -5.271428573999452e+01  -6.092815519921591e-01   8.142149582541823e-01   2.575408004767999e-01 
 -4.857142857322340e+01  -6.675474270110948e-01   7.213108445444512e-01   2.387316755889837e-01 
 -4.442857140645227e+01  -7.244843098402394e-01   6.267691333264902e-01   2.202710342016843e-01 
 -4.028571429697693e+01  -7.818670055437373e-01   5.325517261189519e-01   2.018103928143850e-01 
 -3.614285713020579e+01  -8.425694639516688e-01   4.406145937890226e-01   1.364412483721886e-01 
 -3.200000002073045e+01  -9.111480000000001e-01   3.528670000000000e-01   6.759740000000000e-02 
 -2.800000002530111e+01  -1.103486000000000e+00   2.172090000000000e-01   4.230560000000000e-02 
 -2.399999997257600e+01  -1.107375000000000e+00   1.562890000000000e-01   2.025520000000002e-02 
 -1.999999997714667e+01  -1.118153000000000e+00   1.033500000000000e-01   4.065950000000000e-03 
 -1.799999997943200e+01  -1.123325000000000e+00   8.180350000000000e-02   1.726999999999999e-04 
 -1.599999998171733e+01  -1.118652000000000e+00   6.330720000000001e-02  -1.669250000000000e-03 
 -1.399999998400267e+01  -1.116200000000000e+00   4.718280000000000e-02  -1.195550000000000e-03 
 -1.199999998628800e+01  -1.095881000000000e+00   3.280200000000000e-02  -4.634049999999997e-03 
 -9.999999988573334e+00  -9.176740000000000e-01   2.351490000000000e-02  -2.493615000000000e-02 
 -7.999999990858666e+00  -6.931100000000000e-01   1.792900000000000e-02  -4.303885000000000e-02 
 -5.999999993144000e+00  -4.539610000000000e-01   1.430630000000000e-02  -5.867520000000000e-02 
 -3.999999995429333e+00  -1.777910000000000e-01   1.242330000000000e-02  -7.601250000000000e-02 
 -1.999999997714667e+00   1.047965000000000e-01   1.159539000000000e-02  -9.121230000000000e-02 
 -1.000000027505223e+00   2.438280000000000e-01   1.143042000000000e-02  -9.763310000000000e-02 
  0.000000000000000e+00   3.811070000000000e-01   1.138052000000000e-02  -1.034111000000000e-01 
  1.000000027505223e+00   5.166029999999999e-01   1.143160000000000e-02  -1.086068000000000e-01 
  1.999999997714667e+00   6.504410000000000e-01   1.156410000000000e-02  -1.133280000000000e-01 
  3.000000025219890e+00   7.826660000000000e-01   1.176670000000000e-02  -1.176210000000000e-01 
  3.999999995429333e+00   9.132640000000000e-01   1.204190000000000e-02  -1.215390000000000e-01 
  5.000000022934556e+00   1.042074000000000e+00   1.239280000000000e-02  -1.251030000000000e-01 
  5.999999993144000e+00   1.168730000000000e+00   1.283440000000000e-02  -1.282790000000000e-01 
  7.000000020649224e+00   1.292960000000000e+00   1.337910000000000e-02  -1.310410000000000e-01 
  7.999999990858666e+00   1.413900000000000e+00   1.405910000000000e-02  -1.333220000000000e-01 
  9.000000018363890e+00   1.530880000000000e+00   1.488230000000000e-02  -1.350320000000000e-01 
  9.999999988573334e+00   1.642080000000000e+00   1.591930000000000e-02  -1.359910000000000e-01 
  1.100000001607856e+01   1.745680000000000e+00   1.725690000000000e-02  -1.360520000000000e-01 
  1.199999998628800e+01   1.838870000000000e+00   1.907910000000000e-02  -1.351380000000000e-01 
  1.300000001379322e+01   1.917640000000000e+00   2.168740000000000e-02  -1.332170000000000e-01 
  1.399999998400267e+01   1.974130000000000e+00   2.571960000000000e-02  -1.302000000000000e-01 
  1.500000001150789e+01   1.999160000000000e+00   3.222020000000000e-02  -1.264090000000000e-01 
  1.599999998171733e+01   1.993770000000000e+00   4.156880000000000e-02  -1.226520000000000e-01 
  1.799999997943200e+01   1.917200000000000e+00   6.730800000000001e-02  -1.167510000000000e-01 
  1.999999997714667e+01   1.736830000000000e+00   1.052596000000000e-01  -1.165180000000000e-01 
  2.399999997257600e+01   1.473210000000000e+00   1.922930000000000e-01  -1.379000000000000e-01 
  2.800000002530111e+01   1.360170000000000e+00   2.744920000000000e-01  -1.624190000000000e-01 
  3.200000002073045e+01   1.301640000000000e+00   3.528670000000000e-01  -1.846340000000000e-01 
  3.614285713020579e+01   1.203670662788098e+00   4.406145937890226e-01  -2.089385047751449e-01 
  4.028571429697693e+01   1.116952865062482e+00   5.325517261189521e-01  -2.327633156993916e-01 
  4.442857140645227e+01   1.034977585486056e+00   6.267691333264902e-01  -2.501122596365111e-01 
  4.857142857322340e+01   9.536391814444213e-01   7.213108445444512e-01  -2.674612035736305e-01 
  5.271428573999452e+01   8.704022171316559e-01   8.142149582541823e-01  -2.836521401300903e-01 
  5.685714284946987e+01   7.838284238320727e-01   9.035545382610920e-01  -2.992335991177817e-01 
  6.100000001624101e+01   6.932899384394340e-01   9.874777756507463e-01  -3.147151510781997e-01 
  6.514285712571635e+01   5.987835910818179e-01   1.064246578628016e+00  -3.298827095243295e-01 
  6.928571429248747e+01   5.008020149955287e-01   1.132272784981496e+00  -3.450502679704591e-01 
  7.342857140196283e+01   4.002375988054692e-01   1.190151241564230e+00  -3.594241755410271e-01 
  7.757142856873395e+01   2.983058764248194e-01   1.236689060603091e+00  -3.736327391791864e-01 
  8.171428573550509e+01   1.964807557751455e-01   1.270930442477054e+00  -3.870155054073988e-01 
  8.585714284498043e+01   9.643732665638627e-02   1.292176547172617e+00  -3.992283919715195e-01 
  9.000000001175157e+01   8.326672684688674e-17   1.300000000000000e+00  -4.114412785356402e-01 
  9.414285712122692e+01  -6.750612865947038e-02   1.292176547172617e+00  -4.179402514170336e-01 
  9.828571428799803e+01  -1.375365290426018e-01   1.270930442477054e+00  -4.244392242984268e-01 
  1.024285714547692e+02  -2.088141134973736e-01   1.236689060603091e+00  -4.278804045367734e-01 
  1.065714285642445e+02  -2.801663191638284e-01   1.190151241564230e+00  -4.291631429094398e-01 
  1.107142857310156e+02  -3.505614104968701e-01   1.132272784981496e+00  -4.299165277072851e-01 
  1.148571428404910e+02  -4.191485137572725e-01   1.064246578628016e+00  -4.281290153459890e-01 
  1.190000000072621e+02  -4.853029569076038e-01   9.874777756507463e-01  -4.263415029846930e-01 
  1.231428571167375e+02  -5.486798966824507e-01   9.035545382610924e-01  -4.254423517089942e-01 
  1.272857142835086e+02  -6.092815519921591e-01   8.142149582541823e-01  -4.248258607787128e-01 
  1.314285714502797e+02  -6.675474270110950e-01   7.213108445444507e-01  -4.270105675514412e-01 
  1.355714285597550e+02  -7.244843098402394e-01   6.267691333264902e-01  -4.345175499598886e-01 
  1.397142857265262e+02  -7.818670055437373e-01   5.325517261189517e-01  -4.420245323683359e-01 
  1.438571428360015e+02  -8.425694639516688e-01   4.406145937890228e-01  -4.565615711452652e-01 
  1.480000000027727e+02  -9.111480000000001e-01   3.528670000000000e-01  -4.716193548383783e-01 
  1.502857142858751e+02  -8.460660000000000e-01   3.069162247345773e-01  -4.768042585650976e-01 
  1.525714285689776e+02  -7.809839999999998e-01   2.630887488137909e-01  -4.601292892882083e-01 
  1.548571428520801e+02  -7.159020000000000e-01   2.216621162205011e-01  -4.434543200113192e-01 
  1.571428571351826e+02  -6.508199999999997e-01   1.828986924361337e-01  -4.267793507344299e-01 
  1.594285714182851e+02  -5.857380000000000e-01   1.470439970668735e-01  -4.101043814575410e-01 
  1.617142857013875e+02  -5.206560000000002e-01   1.143251434946074e-01  -4.220609581431781e-01 
  1.639999999844900e+02  -4.555739999999999e-01   8.494939547754046e-02  -4.435613834829912e-01 
  1.662857142675925e+02  -3.904920000000002e-01   5.910284988155404e-02  -4.650618088228040e-01 
  1.685714285506950e+02  -3.254099999999999e-01   3.937934331963720e-02  -4.865622341626171e-01 
  1.708571428337974e+02  -2.603280000000001e-01   3.408378132946343e-02  -4.571428571428570e-01 
  1.731428571168999e+02  -1.952459999999998e-01   2.992880439118510e-02  -3.428571428571431e-01 
  1.754285714000024e+02  -1.301640000000001e-01   2.694148005423172e-02  -2.285714285714291e-01 
  1.777142857404007e+02  -6.508199999999967e-02   2.514126696655583e-02  -1.142857142857139e-01 
  1.800000000000000e+02   0.000000000000000e+00   2.453989413077065e-02   0.000000000000000e+00 
5 120 33.000000 configuration: Default, Re = 1.000e+07
 -1.800000000000000e+02   0.000000000000000e+00   3.168571521941585e-02   0.000000000000000e+00 
 -1.777142857404007e+02   6.960149999999965e-02   3.228140266288518e-02   9.142857142857111e-02 
 -1.754285714000024e+02   1.392030000000001e-01   3.406456851341789e-02   1.828571428571434e-01 
 -1.731428571168999e+02   2.088044999999997e-01   3.702351093070870e-02   2.742857142857145e-01 
 -1.708571604236018e+02   2.784060000000002e-01   4.113881642980572e-02   3.657142857142855e-01 
 -1.685716317788249e+02   3.480074999999999e-01   4.638348058883583e-02   4.030821424574265e-01 
 -1.662857142675925e+02   4.176089999999995e-01   5.732035840915397e-02   4.080135703893089e-01 
 -1.639999999844900e+02   4.872104999999998e-01   8.318567098401346e-02   4.129449983211914e-01 
 -1.617144728866992e+02   5.568119999999995e-01   1.125829925233925e-01   4.178764262530736e-01 
 -1.594283712841272e+02   6.264135000000000e-01   1.453261918323379e-01   4.258631889251984e-01 
 -1.571428426393504e+02   6.960149999999997e-01   1.812079664122574e-01   4.430159558180491e-01 
 -1.548573139945735e+02   7.656165000000000e-01   2.200011597912121e-01   4.601687227109004e-01 
 -1.525714285689776e+02   8.352179999999998e-01   2.614602049918655e-01   4.773214896037513e-01 
 -1.502857142858751e+02   9.048195000000001e-01   3.053226849559210e-01   4.944742564966026e-01 
 -1.480000000027727e+02   9.744209999999996e-01   3.513110000000000e-01   4.874268393378757e-01 
 -1.438571428360015e+02   8.941183973804908e-01   4.391329017052526e-01   4.683872766528996e-01 
 -1.397142857265262e+02   8.238242323892865e-01   5.311520852033039e-01   4.499633576163694e-01 
 -1.355714285597550e+02   7.584487054483077e-01   6.254588580353811e-01   4.398506278338583e-01 
 -1.314285714502797e+02   6.947717004000140e-01   7.200967823138212e-01   4.297378980513473e-01 
 -1.272857142835086e+02   6.307857502445491e-01   8.131034537151256e-01   4.258929905516545e-01 
 -1.231428571167375e+02   5.653233786594135e-01   9.025514000831145e-01   4.253469368850240e-01 
 -1.190000000072621e+02   4.978317825846658e-01   9.865882461859409e-01   4.252813661659265e-01 
 -1.148571428404910e+02   4.282276639730173e-01   1.063475306514778e+00   4.267258847105035e-01 
 -1.107142857310156e+02   3.567973260845799e-01   1.131623800850965e+00   4.281704032550807e-01 
 -1.065714285642445e+02   2.841230983261536e-01   1.189627936976401e+00   4.274502570093805e-01 
 -1.024285714547692e+02   2.110254796034336e-01   1.236294170322686e+00   4.262791389323726e-01 
 -9.828571428799803e+01   1.385149580974572e-01   1.270666030181773e+00   4.230280176733544e-01 
 -9.414285712122692e+01   6.775009005483451e-02   1.292043994668456e+00   4.168302252398217e-01 
 -9.000000001175157e+01   5.551115123125782e-17   1.300000000000000e+00   4.106324328062891e-01 
 -8.585714284498043e+01  -6.775009005483429e-02   1.292043994668456e+00   3.975198115445945e-01 
 -8.171428573550509e+01  -1.385149580974572e-01   1.270666030181773e+00   3.844071902829000e-01 
 -7.757142856873395e+01  -2.110254796034334e-01   1.236294170322686e+00   3.690545818236761e-01 
 -7.342857140196283e+01  -2.841230983261534e-01   1.189627936976401e+00   3.521208059309020e-01 
 -6.928571429248747e+01  -3.567973260845799e-01   1.131623800850965e+00   3.349050700922636e-01 
 -6.514285712571635e+01  -4.282276639730171e-01   1.063475306514778e+00   3.163359265134768e-01 
 -6.100000001624101e+01  -4.978317825846658e-01   9.865882461859409e-01   2.977667829346901e-01 
 -5.685714284946987e+01  -5.653233786594133e-01   9.025514000831149e-01   2.794656421081109e-01 
 -5.271428573999452e+01  -6.307857502445491e-01   8.131034537151256e-01   2.612497748845071e-01 
 -4.857142857322340e+01  -6.947717004000136e-01   7.200967823138217e-01   2.432235332181071e-01 
 -4.442857140645227e+01  -7.584487054483077e-01   6.254588580353811e-01   2.255575801103945e-01 
 -4.028571429697693e+01  -8.238242323892863e-01   5.311520852033041e-01   2.078916270026819e-01 
 -3.614285713020579e+01  -8.941183973804909e-01   4.391329017052525e-01   1.373055674439705e-01 
 -3.200000002073045e+01  -9.744210000000000e-01   3.513110000000000e-01   6.279949999999999e-02 
 -2.800000002530111e+01  -1.163075000000000e+00   2.064820000000000e-01   3.904910000000000e-02 
 -2.399999997257600e+01  -1.148920000000000e+00   1.500090000000000e-01   1.853040000000002e-02 
 -1.999999997714667e+01  -1.094505000000000e+00   1.059962000000000e-01   4.407550000000000e-03 
 -1.799999997943200e+01  -1.058015000000000e+00   8.731870000000000e-02  -6.062500000000000e-04 
 -1.599999998171733e+01  -1.022809000000000e+00   7.050960000000001e-02  -3.415700000000000e-03 
 -1.399999998400267e+01  -9.981000000000000e-01   5.474080000000000e-02  -4.014449999999999e-03 
 -1.199999998628800e+01  -9.851519999999999e-01   4.051600000000000e-02  -2.720500000000002e-03 
 -9.999999988573334e+00  -8.958320000000001e-01   2.929030000000000e-02  -1.197930000000000e-02 
 -7.999999990858666e+00  -6.753860000000000e-01   2.206720000000000e-02  -3.457810000000000e-02 
 -5.999999993144000e+00  -4.324710000000000e-01   1.735210000000000e-02  -5.465579999999999e-02 
 -3.999999995429333e+00  -1.588100000000000e-01   1.472740000000000e-02  -7.425490000000000e-02 
 -1.999999997714667e+00   1.345552000000000e-01   1.362370000000000e-02  -9.269690000000000e-02 
 -1.000000027505223e+00   2.801450000000000e-01   1.339130000000000e-02  -1.007386000000000e-01 
  0.000000000000000e+00   4.238640000000000e-01   1.329880000000000e-02  -1.080164000000000e-01 
  1.000000027505223e+00   5.651929999999999e-01   1.332530000000000e-02  -1.144960000000000e-01 
  1.999999997714667e+00   7.041020000000000e-01   1.344980000000000e-02  -1.202800000000000e-01 
  3.000000025219890e+00   8.407060000000000e-01   1.366490000000000e-02  -1.254580000000000e-01 
  3.999999995429333e+00   9.750019999999999e-01   1.397030000000000e-02  -1.301080000000000e-01 
  5.000000022934556e+00   1.106800000000000e+00   1.436890000000000e-02  -1.342520000000000e-01 
  5.999999993144000e+00   1.236030000000000e+00   1.486230000000000e-02  -1.379260000000000e-01 
  7.000000020649224e+00   1.362230000000000e+00   1.547180000000000e-02  -1.410800000000000e-01 
  7.999999990858666e+00   1.484240000000000e+00   1.622700000000000e-02  -1.436260000000000e-01 
  9.000000018363890e+00   1.600970000000000e+00   1.717560000000000e-02  -1.454490000000000e-01 
  9.999999988573334e+00   1.710100000000000e+00   1.840810000000000e-02  -1.463550000000000e-01 
  1.100000001607856e+01   1.809570000000000e+00   2.009620000000000e-02  -1.463480000000000e-01 
  1.199999998628800e+01   1.894730000000000e+00   2.258040000000000e-02  -1.454440000000000e-01 
  1.300000001379322e+01   1.956980000000000e+00   2.670930000000000e-02  -1.437790000000000e-01 
  1.399999998400267e+01   1.985760000000000e+00   3.380170000000000e-02  -1.418460000000000e-01 
  1.500000001150789e+01   1.992600000000000e+00   4.333080000000000e-02  -1.400380000000000e-01 
  1.599999998171733e+01   1.996170000000000e+00   5.354410000000000e-02  -1.382260000000000e-01 
  1.799999997943200e+01   1.963980000000000e+00   7.705960000000001e-02  -1.335050000000000e-01 
  1.999999997714667e+01   1.811790000000000e+00   1.116943000000000e-01  -1.313480000000000e-01 
  2.399999997257600e+01   1.560730000000000e+00   1.910270000000000e-01  -1.466000000000000e-01 
  2.800000002530111e+01   1.467980000000000e+00   2.719930000000000e-01  -1.724240000000000e-01 
  3.200000002073045e+01   1.392030000000000e+00   3.513110000000000e-01  -1.941680000000000e-01 
  3.614285713020579e+01   1.277311996257844e+00   4.391329017052525e-01  -2.179194639550666e-01 
  4.028571429697693e+01   1.176891760556123e+00   5.311520852033044e-01  -2.411497346779242e-01 
  4.442857140645227e+01   1.083498150640440e+00   6.254588580353811e-01  -2.573438967659587e-01 
  4.857142857322340e+01   9.925310005714481e-01   7.200967823138217e-01  -2.735380588539932e-01 
  5.271428573999452e+01   9.011225003493559e-01   8.131034537151256e-01  -2.886164715857071e-01 
  5.685714284946987e+01   8.076048266563048e-01   9.025514000831149e-01  -3.031076478140942e-01 
  6.100000001624101e+01   7.111882608352368e-01   9.865882461859409e-01  -3.175696519048828e-01 
  6.514285712571635e+01   6.117538056757384e-01   1.063475306514779e+00  -3.319399721346473e-01 
  6.928571429248747e+01   5.097104658351143e-01   1.131623800850965e+00  -3.463102923644117e-01 
  7.342857140196283e+01   4.058901404659335e-01   1.189627936976401e+00  -3.601353362640616e-01 
  7.757142856873395e+01   3.014649708620477e-01   1.236294170322686e+00  -3.738467809282708e-01 
  8.171428573550509e+01   1.978785115677961e-01   1.270666030181773e+00  -3.868127372299756e-01 
  8.585714284498043e+01   9.678584293547757e-02   1.292043994668456e+00  -3.987225850181323e-01 
  9.000000001175157e+01   8.326672684688674e-17   1.300000000000000e+00  -4.106324328062891e-01 
  9.414285712122692e+01  -6.775009005483429e-02   1.292043994668456e+00  -4.168302252398217e-01 
  9.828571428799803e+01  -1.385149580974572e-01   1.270666030181773e+00  -4.230280176733544e-01 
  1.024285714547692e+02  -2.110254796034334e-01   1.236294170322686e+00  -4.262791389323726e-01 
  1.065714285642445e+02  -2.841230983261534e-01   1.189627936976401e+00  -4.274502570093805e-01 
  1.107142857310156e+02  -3.567973260845799e-01   1.131623800850965e+00  -4.281704032550807e-01 
  1.148571428404910e+02  -4.282276639730169e-01   1.063475306514779e+00  -4.267258847105035e-01 
  1.190000000072621e+02  -4.978317825846658e-01   9.865882461859409e-01  -4.252813661659265e-01 
  1.231428571167375e+02  -5.653233786594131e-01   9.025514000831153e-01  -4.253469368850241e-01 
  1.272857142835086e+02  -6.307857502445491e-01   8.131034537151256e-01  -4.258929905516545e-01 
  1.314285714502797e+02  -6.947717004000140e-01   7.200967823138212e-01  -4.297378980513473e-01 
  1.355714285597550e+02  -7.584487054483077e-01   6.254588580353811e-01  -4.398506278338583e-01 
  1.397142857265262e+02  -8.238242323892865e-01   5.311520852033039e-01  -4.499633576163694e-01 
  1.438571428360015e+02  -8.941183973804908e-01   4.391329017052526e-01  -4.683872766528996e-01 
  1.480000000027727e+02  -9.744210000000001e-01   3.513110000000000e-01  -4.874268393378757e-01 
  1.502857142858751e+02  -9.048195000000001e-01   3.053226849559210e-01  -4.944742564966026e-01 
  1.525714285689776e+02  -8.352179999999998e-01   2.614602049918655e-01  -4.773214896037513e-01 
  1.548571428520801e+02  -7.656165000000000e-01   2.200011597912121e-01  -4.601687227109004e-01 
  1.571428571351826e+02  -6.960149999999997e-01   1.812079664122574e-01  -4.430159558180491e-01 
  1.594285714182851e+02  -6.264135000000000e-01   1.453261918323379e-01  -4.258631889251983e-01 
  1.617142857013875e+02  -5.568120000000003e-01   1.125829925233929e-01  -4.350192833959307e-01 
  1.639999999844900e+02  -4.872104999999998e-01   8.318567098401346e-02  -4.529449983211913e-01 
  1.662857142675925e+02  -4.176090000000002e-01   5.732035840915425e-02  -4.708707132464517e-01 
  1.685714285506950e+02  -3.480074999999999e-01   4.638348058883583e-02  -4.887964281717123e-01 
  1.708571428337974e+02  -2.784060000000002e-01   4.113881642980572e-02  -4.571428571428570e-01 
  1.731428571168999e+02  -2.088044999999997e-01   3.702351093070870e-02  -3.428571428571431e-01 
  1.754285714000024e+02  -1.392030000000001e-01   3.406456851341789e-02  -2.285714285714291e-01 
  1.777142857404007e+02  -6.960149999999965e-02   3.228140266288518e-02  -1.142857142857139e-01 
  1.800000000000000e+02   0.000000000000000e+00   3.168571521941585e-02   0.000000000000000e+00 
6 120 36.000000 configuration: Default, Re = 1.000e+07
 -1.800000000000000e+02   0.000000000000000e+00   3.714766955647932e-02   0.000000000000000e+00 
 -1.777142857404007e+02   7.178149999999964e-02   3.773901133374287e-02   9.142857142857111e-02 
 -1.754285714000024e+02   1.435630000000001e-01   3.950914701885524e-02   1.828571428571434e-01 
 -1.731428571168999e+02   2.153444999999997e-01   4.244639553319605e-02   2.742857142857145e-01 
 -1.708571604236018e+02   2.871260000000001e-01   4.653137791244361e-02   3.657142857142855e-01 
 -1.685716317788249e+02   3.589074999999998e-01   5.173713798667876e-02   4.031304636095545e-01 
 -1.662857142675925e+02   4.306889999999995e-01   6.067799498087878e-02   4.081392053848416e-01 
 -1.639999999844900e+02   5.024704999999998e-01   8.650795664630631e-02   4.131479471601289e-01 
 -1.617144728866992e+02   5.742519999999995e-01   1.158646406574733e-01   4.181566889354160e-01 
 -1.594283712841272e+02   6.460334999999998e-01   1.485619804842812e-01   4.262712900595553e-01 
 -1.571428426393504e+02   7.178149999999996e-01   1.843927466024767e-01   4.437034692302504e-01 
 -1.548573139945735e+02   7.895965000000000e-01   2.231298637078226e-01   4.611356484009460e-01 
 -1.525714285689776e+02   8.613779999999996e-01   2.645278540548881e-01   4.785678275716412e-01 
 -1.502857142858751e+02   9.331595000000001e-01   3.083243977394954e-01   4.960000067423368e-01 
 -1.480000000027727e+02   1.004941000000000e+00   3.542420000000000e-01   4.883022318330648e-01 
 -1.438571428360015e+02   9.189832441278815e-01   4.419239296599637e-01   4.678431517000181e-01 
 -1.397142857265262e+02   8.440624787712528e-01   5.337885553342574e-01   4.480322988503198e-01 
 -1.355714285597550e+02   7.748315757714827e-01   6.279269922758957e-01   4.369725143258274e-01 
 -1.314285714502797e+02   7.079034441742906e-01   7.223836823125198e-01   4.259127298013352e-01 
 -1.272857142835086e+02   6.411583915080097e-01   8.151971682421021e-01   4.214996539332760e-01 
 -1.231428571167375e+02   5.733514328047344e-01   9.044409874864893e-01   4.205848457791291e-01 
 -1.190000000072621e+02   5.038751148063706e-01   9.882638315724093e-01   4.202386282975503e-01 
 -1.148571428404910e+02   4.326070305999280e-01   1.064928133355331e+00   4.216794100726142e-01 
 -1.107142857310156e+02   3.598052464255929e-01   1.132846276742087e+00   4.231201918476781e-01 
 -1.065714285642445e+02   2.860316675426308e-01   1.190613673317614e+00   4.225819015145725e-01 
 -1.024285714547692e+02   2.120921414269119e-01   1.237038015703063e+00   4.216313044922648e-01 
 -9.828571428799803e+01   1.389869075032731e-01   1.271164097300969e+00   4.186442496773847e-01 
 -9.414285712122692e+01   6.786776586894963e-02   1.292293680651550e+00   4.127722129896937e-01 
 -9.000000001175157e+01   5.551115123125782e-17   1.300000000000000e+00   4.069001763020025e-01 
 -8.585714284498043e+01  -6.786776586894941e-02   1.292293680651550e+00   3.942614888768985e-01 
 -8.171428573550509e+01  -1.389869075032731e-01   1.271164097300969e+00   3.816228014517944e-01 
 -7.757142856873395e+01  -2.120921414269117e-01   1.237038015703063e+00   3.667605953544247e-01 
 -7.342857140196283e+01  -2.860316675426306e-01   1.190613673317614e+00   3.503288466648674e-01 
 -6.928571429248747e+01  -3.598052464255929e-01   1.132846276742087e+00   3.336237480028024e-01 
 -6.514285712571635e+01  -4.326070305999278e-01   1.064928133355331e+00   3.156065694727009e-01 
 -6.100000001624101e+01  -5.038751148063706e-01   9.882638315724093e-01   2.975893909425995e-01 
 -5.685714284946987e+01  -5.733514328047343e-01   9.044409874864896e-01   2.798918070549701e-01 
 -5.271428573999452e+01  -6.411583915080097e-01   8.151971682421021e-01   2.622959123717636e-01 
 -4.857142857322340e+01  -7.079034441742903e-01   7.223836823125203e-01   2.449149435317124e-01 
 -4.442857140645227e+01  -7.748315757714827e-01   6.279269922758957e-01   2.279423337936562e-01 
 -4.028571429697693e+01  -8.440624787712528e-01   5.337885553342576e-01   2.109697240555999e-01 
 -3.614285713020579e+01  -9.189832441278818e-01   4.419239296599635e-01   1.352478121095765e-01 
 -3.200000002073045e+01  -1.004941000000000e+00   3.542420000000000e-01   5.517410000000000e-02 
 -2.800000002530111e+01  -1.113059000000000e+00   2.049360000000000e-01   3.211420000000000e-02 
 -2.399999997257600e+01  -1.054248000000000e+00   1.543430000000000e-01   1.267890000000002e-02 
 -1.999999997714667e+01  -9.824730000000000e-01   1.096723000000000e-01  -2.821250000000001e-03 
 -1.799999997943200e+01  -9.417260000000001e-01   9.248859999999999e-02  -7.412900000000000e-03 
 -1.599999998171733e+01  -8.933310000000000e-01   7.597419999999999e-02  -1.106950000000000e-02 
 -1.399999998400267e+01  -8.547150000000001e-01   6.054120000000000e-02  -1.250065000000000e-02 
 -1.199999998628800e+01  -8.234800000000000e-01   4.641150000000000e-02  -1.177275000000000e-02 
 -9.999999988573334e+00  -7.954090000000000e-01   3.441010000000000e-02  -1.082065000000000e-02 
 -7.999999990858666e+00  -6.364980000000000e-01   2.548210000000000e-02  -2.769370000000000e-02 
 -5.999999993144000e+00  -3.909490000000000e-01   1.994030000000000e-02  -5.106789999999999e-02 
 -3.999999995429333e+00  -1.307082000000000e-01   1.653370000000000e-02  -7.148130000000000e-02 
 -1.999999997714667e+00   1.617258000000000e-01   1.506970000000000e-02  -9.178830000000000e-02 
 -1.000000027505223e+00   3.112140000000000e-01   1.477030000000000e-02  -1.011907000000000e-01 
  0.000000000000000e+00   4.595620000000000e-01   1.464860000000000e-02  -1.098835000000000e-01 
  1.000000027505223e+00   6.056589999999999e-01   1.466330000000000e-02  -1.177635000000000e-01 
  1.999999997714667e+00   7.486770000000000e-01   1.481310000000000e-02  -1.247690000000000e-01 
  3.000000025219890e+00   8.886170000000000e-01   1.507160000000000e-02  -1.309770000000000e-01 
  3.999999995429333e+00   1.025442000000000e+00   1.543990000000000e-02  -1.364840000000000e-01 
  5.000000022934556e+00   1.158780000000000e+00   1.592640000000000e-02  -1.412990000000000e-01 
  5.999999993144000e+00   1.288220000000000e+00   1.654110000000000e-02  -1.454000000000000e-01 
  7.000000020649224e+00   1.412820000000000e+00   1.731080000000000e-02  -1.487500000000000e-01 
  7.999999990858666e+00   1.530900000000000e+00   1.830960000000000e-02  -1.511750000000000e-01 
  9.000000018363890e+00   1.640650000000000e+00   1.963090000000000e-02  -1.526200000000000e-01 
  9.999999988573334e+00   1.739260000000000e+00   2.149880000000000e-02  -1.531030000000000e-01 
  1.100000001607856e+01   1.819710000000000e+00   2.445440000000000e-02  -1.525450000000000e-01 
  1.199999998628800e+01   1.870650000000000e+00   2.966210000000000e-02  -1.512060000000000e-01 
  1.300000001379322e+01   1.892210000000000e+00   3.769960000000000e-02  -1.496930000000000e-01 
  1.399999998400267e+01   1.879100000000000e+00   4.824360000000000e-02  -1.456210000000000e-01 
  1.500000001150789e+01   1.881110000000000e+00   5.837570000000000e-02  -1.435780000000000e-01 
  1.599999998171733e+01   1.863590000000000e+00   6.992370000000001e-02  -1.409480000000000e-01 
  1.799999997943200e+01   1.733240000000000e+00   1.016591000000000e-01  -1.371060000000000e-01 
  1.999999997714667e+01   1.593570000000000e+00   1.391590000000000e-01  -1.408210000000000e-01 
  2.399999997257600e+01   1.467080000000000e+00   2.100240000000000e-01  -1.569270000000000e-01 
  2.800000002530111e+01   1.448340000000000e+00   2.820030000000000e-01  -1.797860000000000e-01 
  3.200000002073045e+01   1.435630000000000e+00   3.542420000000000e-01  -2.014720000000000e-01 
  3.614285713020579e+01   1.312833205896974e+00   4.419239296599635e-01  -2.240866097136903e-01 
  4.028571429697693e+01   1.205803541101790e+00   5.337885553342578e-01  -2.461860684392151e-01 
  4.442857140645227e+01   1.106902251102118e+00   6.279269922758957e-01  -2.613309888245065e-01 
  4.857142857322340e+01   1.011290634534701e+00   7.223836823125203e-01  -2.764759092097978e-01 
  5.271428573999452e+01   9.159405592971568e-01   8.151971682421021e-01  -2.906206368276409e-01 
  5.685714284946987e+01   8.190734754353348e-01   9.044409874864896e-01  -3.042389471994587e-01 
  6.100000001624101e+01   7.198215925805296e-01   9.882638315724093e-01  -3.178704108777556e-01 
  6.514285712571635e+01   6.180100437141822e-01   1.064928133355331e+00  -3.315432135192723e-01 
  6.928571429248747e+01   5.140074948937041e-01   1.132846276742087e+00  -3.452160161607889e-01 
  7.342857140196283e+01   4.086166679180437e-01   1.190613673317614e+00  -3.584572127501313e-01 
  7.757142856873395e+01   3.029887734670167e-01   1.237038015703063e+00  -3.716084914119372e-01 
  8.171428573550509e+01   1.985527250046759e-01   1.271164097300969e+00  -3.840462584573971e-01 
  8.585714284498043e+01   9.695395124135632e-02   1.292293680651550e+00  -3.954732173796998e-01 
  9.000000001175157e+01   8.326672684688674e-17   1.300000000000000e+00  -4.069001763020025e-01 
  9.414285712122692e+01  -6.786776586894941e-02   1.292293680651550e+00  -4.127722129896937e-01 
  9.828571428799803e+01  -1.389869075032731e-01   1.271164097300969e+00  -4.186442496773847e-01 
  1.024285714547692e+02  -2.120921414269117e-01   1.237038015703063e+00  -4.216313044922648e-01 
  1.065714285642445e+02  -2.860316675426306e-01   1.190613673317614e+00  -4.225819015145725e-01 
  1.107142857310156e+02  -3.598052464255929e-01   1.132846276742087e+00  -4.231201918476781e-01 
  1.148571428404910e+02  -4.326070305999276e-01   1.064928133355331e+00  -4.216794100726143e-01 
  1.190000000072621e+02  -5.038751148063706e-01   9.882638315724093e-01  -4.202386282975503e-01 
  1.231428571167375e+02  -5.733514328047341e-01   9.044409874864899e-01  -4.205848457791291e-01 
  1.272857142835086e+02  -6.411583915080097e-01   8.151971682421021e-01  -4.214996539332760e-01 
  1.314285714502797e+02  -7.079034441742906e-01   7.223836823125198e-01  -4.259127298013352e-01 
  1.355714285597550e+02  -7.748315757714827e-01   6.279269922758957e-01  -4.369725143258274e-01 
  1.397142857265262e+02  -8.440624787712528e-01   5.337885553342574e-01  -4.480322988503198e-01 
  1.438571428360015e+02  -9.189832441278815e-01   4.419239296599637e-01  -4.678431517000181e-01 
  1.480000000027727e+02  -1.004941000000000e+00   3.542420000000000e-01  -4.883022318330649e-01 
  1.502857142858751e+02  -9.331595000000001e-01   3.083243977394954e-01  -4.960000067423369e-01 
  1.525714285689776e+02  -8.613779999999996e-01   2.645278540548881e-01  -4.785678275716413e-01 
  1.548571428520801e+02  -7.895965000000000e-01   2.231298637078226e-01  -4.611356484009460e-01 
  1.571428571351826e+02  -7.178149999999996e-01   1.843927466024767e-01  -4.437034692302504e-01 
  1.594285714182851e+02  -6.460334999999998e-01   1.485619804842812e-01  -4.262712900595553e-01 
  1.617142857013875e+02  -5.742520000000002e-01   1.158646406574736e-01  -4.352995460782729e-01 
  1.639999999844900e+02  -5.024704999999998e-01   8.650795664630631e-02  -4.531479471601288e-01 
  1.662857142675925e+02  -4.306890000000002e-01   6.067799498087906e-02  -4.709963482419844e-01 
  1.685714285506950e+02  -3.589074999999998e-01   5.173713798667876e-02  -4.888447493238403e-01 
  1.708571428337974e+02  -2.871260000000001e-01   4.653137791244361e-02  -4.571428571428570e-01 
  1.731428571168999e+02  -2.153444999999997e-01   4.244639553319605e-02  -3.428571428571431e-01 
  1.754285714000024e+02  -1.435630000000001e-01   3.950914701885524e-02  -2.285714285714291e-01 
  1.777142857404007e+02  -7.178149999999964e-02   3.773901133374287e-02  -1.142857142857139e-01 
  1.800000000000000e+02   0.000000000000000e+00   3.714766955647932e-02   0.000000000000000e+00 
7 199 50.000000 configuration: Default, Re = 8.100e+06
 -1.800000000000000e+02   0.000000000000000e+00   8.440000000000000e-02   0.000000000000000e+00 
 -1.700000155620860e+02   4.419000000000000e-01   8.440000000000000e-02   3.125000000000000e-01 
 -1.600001831636678e+02   8.837000000000000e-01   1.268000000000000e-01   2.831000000000000e-01 
 -1.499997778074544e+02   9.674000000000000e-01   2.927000000000000e-01   2.632000000000000e-01 
 -1.399999454090361e+02   7.801000000000000e-01   4.970000000000000e-01   2.048000000000000e-01 
 -1.300001130106179e+02   6.293000000000000e-01   7.161000000000000e-01   1.932000000000000e-01 
 -1.200002806121996e+02   4.785000000000000e-01   9.246000000000000e-01   2.008000000000000e-01 
 -1.099998752559862e+02   3.189000000000000e-01   1.098500000000000e+00   2.136000000000000e-01 
 -1.000000428575680e+02   1.553000000000000e-01   1.218200000000000e+00   2.221000000000000e-01 
 -9.000021045914970e+01   0.000000000000000e+00   1.270700000000000e+00   2.198000000000000e-01 
 -7.999980510293634e+01  -1.553000000000000e-01   1.218200000000000e+00   1.960000000000000e-01 
 -6.999997270451806e+01  -3.189000000000000e-01   1.098500000000000e+00   1.635000000000000e-01 
 -6.000014030609980e+01  -4.784000000000000e-01   9.246000000000000e-01   1.285000000000000e-01 
 -4.999973494988642e+01  -6.293000000000000e-01   7.161000000000000e-01   9.650000000000000e-02 
 -3.999990255146817e+01  -7.801000000000000e-01   4.970000000000000e-01   7.160000000000000e-02 
 -3.000007015304990e+01  -9.674000000000000e-01   2.927000000000000e-01   5.220000000000000e-02 
 -2.000023775463164e+01  -1.028100000000000e+00   1.499000000000000e-01  -6.300000000000000e-03 
 -1.974985519815948e+01  -1.024300000000000e+00   1.472000000000000e-01  -8.900000000000000e-03 
 -1.925023600080540e+01  -1.005200000000000e+00   1.447000000000000e-01  -9.900000000000001e-03 
 -1.899985344433323e+01  -9.971000000000000e-01   1.433000000000000e-01  -1.050000000000000e-02 
 -1.875004384565619e+01  -1.005200000000000e+00   1.403000000000000e-01  -1.100000000000000e-02 
 -1.850023424697915e+01  -9.995000000000001e-01   1.386000000000000e-01  -1.160000000000000e-02 
 -1.824985169050698e+01  -9.908000000000000e-01   1.373000000000000e-01  -1.200000000000000e-02 
 -1.800004209182994e+01  -9.815000000000000e-01   1.360000000000000e-01  -1.260000000000000e-02 
 -1.749984993668073e+01  -9.764000000000000e-01   1.322000000000000e-01  -1.350000000000000e-02 
 -1.725004033800369e+01  -9.705000000000000e-01   1.306000000000000e-01  -1.390000000000000e-02 
 -1.700023073932665e+01  -9.655000000000000e-01   1.290000000000000e-01  -1.430000000000000e-02 
 -1.674984818285449e+01  -9.661999999999999e-01   1.268000000000000e-01  -1.470000000000000e-02 
 -1.650003858417745e+01  -9.544000000000000e-01   1.258000000000000e-01  -1.510000000000000e-02 
 -1.625022898550041e+01  -9.444000000000000e-01   1.246000000000000e-01  -1.550000000000000e-02 
 -1.599984642902824e+01  -9.405000000000000e-01   1.229000000000000e-01  -1.580000000000000e-02 
 -1.575003683035120e+01  -9.433000000000000e-01   1.206000000000000e-01  -1.610000000000000e-02 
 -1.550022723167416e+01  -9.330000000000001e-01   1.195000000000000e-01  -1.640000000000000e-02 
 -1.524984467520199e+01  -9.211000000000000e-01   1.185000000000000e-01  -1.680000000000000e-02 
 -1.475022547784791e+01  -9.157999999999999e-01   1.150000000000000e-01  -1.730000000000000e-02 
 -1.449984292137574e+01  -9.070000000000000e-01   1.138000000000000e-01  -1.750000000000000e-02 
 -1.425003332269870e+01  -8.959000000000000e-01   1.127000000000000e-01  -1.780000000000000e-02 
 -1.400022372402167e+01  -8.925999999999999e-01   1.110000000000000e-01  -1.810000000000000e-02 
 -1.374984116754949e+01  -8.808000000000000e-01   1.100000000000000e-01  -1.840000000000000e-02 
 -1.350003156887246e+01  -8.722000000000000e-01   1.089000000000000e-01  -1.860000000000000e-02 
 -1.325022197019542e+01  -8.660000000000000e-01   1.075000000000000e-01  -1.880000000000000e-02 
 -1.299983941372325e+01  -8.626000000000000e-01   1.059000000000000e-01  -1.880000000000000e-02 
 -1.275002981504621e+01  -8.489000000000000e-01   1.051000000000000e-01  -1.920000000000000e-02 
 -1.250022021636917e+01  -8.363000000000000e-01   1.042000000000000e-01  -1.940000000000000e-02 
 -1.224983765989700e+01  -8.363000000000000e-01   1.023000000000000e-01  -1.940000000000000e-02 
 -1.200002806121996e+01  -8.270999999999999e-01   1.013000000000000e-01  -1.960000000000000e-02 
 -1.175021846254292e+01  -8.141000000000000e-01   1.004000000000000e-01  -1.980000000000000e-02 
 -1.149983590607075e+01  -8.004000000000000e-01   9.970000000000000e-02  -2.000000000000000e-02 
 -1.100021670871667e+01  -7.890000000000000e-01   9.710000000000001e-02  -1.990000000000000e-02 
 -1.074983415224450e+01  -7.862000000000000e-01   9.560000000000000e-02  -1.960000000000000e-02 
 -1.050002455356747e+01  -7.747000000000001e-01   9.480000000000000e-02  -1.940000000000000e-02 
 -1.025021495489043e+01  -7.701000000000000e-01   9.400000000000000e-02  -1.840000000000000e-02 
 -9.999832398418258e+00  -7.674000000000000e-01   9.250000000000000e-02  -1.830000000000000e-02 
 -9.750022799741219e+00  -7.506000000000000e-01   9.170000000000000e-02  -1.920000000000000e-02 
 -9.500213201064181e+00  -7.290000000000000e-01   9.120000000000000e-02  -2.050000000000000e-02 
 -9.249830644592011e+00  -7.095000000000000e-01   9.020000000000000e-02  -2.240000000000000e-02 
 -9.000021045914972e+00  -6.855000000000000e-01   8.950000000000000e-02  -2.470000000000000e-02 
 -8.750211447237932e+00  -6.590000000000000e-01   8.910000000000000e-02  -2.670000000000000e-02 
 -8.499828890765764e+00  -6.319000000000000e-01   8.870000000000000e-02  -2.870000000000000e-02 
 -8.250019292088725e+00  -6.019000000000000e-01   8.790000000000001e-02  -3.200000000000000e-02 
 -8.000209693411685e+00  -5.718000000000000e-01   8.749999999999999e-02  -3.450000000000000e-02 
 -7.749827136939515e+00  -5.424000000000000e-01   8.730000000000000e-02  -3.670000000000000e-02 
 -7.500017538262475e+00  -5.098000000000000e-01   8.680000000000000e-02  -3.990000000000000e-02 
 -7.250207939585438e+00  -4.767000000000000e-01   8.640000000000000e-02  -4.300000000000000e-02 
 -6.999825383113268e+00  -4.454000000000000e-01   8.620000000000000e-02  -4.530000000000000e-02 
 -6.750015784436228e+00  -4.142000000000000e-01   8.599999999999999e-02  -4.760000000000000e-02 
 -6.500206185759190e+00  -3.791000000000000e-01   8.560000000000000e-02  -5.100000000000000e-02 
 -6.249823629287020e+00  -3.460000000000000e-01   8.530000000000000e-02  -5.380000000000000e-02 
 -6.000014030609981e+00  -3.144000000000000e-01   8.520000000000000e-02  -5.600000000000000e-02 
 -5.750204431932943e+00  -2.817000000000000e-01   8.500000000000001e-02  -5.860000000000000e-02 
 -5.499821875460773e+00  -2.461000000000000e-01   8.470000000000000e-02  -6.190000000000000e-02 
 -5.250012276783734e+00  -2.133000000000000e-01   8.459999999999999e-02  -6.440000000000000e-02 
 -5.000202678106694e+00  -1.827000000000000e-01   8.450000000000001e-02  -6.630000000000000e-02 
 -4.749820121634524e+00  -1.494000000000000e-01   8.430000000000000e-02  -6.880000000000000e-02 
 -4.500010522957486e+00  -1.158000000000000e-01   8.420000000000000e-02  -7.149999999999999e-02 
 -4.250200924280446e+00  -8.370000000000000e-02   8.400000000000001e-02  -7.370000000000000e-02 
 -3.999818367808277e+00  -5.290000000000000e-02   8.400000000000001e-02  -7.560000000000000e-02 
 -3.750008769131238e+00  -2.250000000000000e-02   8.390000000000000e-02  -7.740000000000000e-02 
 -3.500199170454199e+00   8.900000000000000e-03   8.380000000000000e-02  -7.930000000000000e-02 
 -3.249816613982029e+00   3.920000000000000e-02   8.380000000000000e-02  -8.110000000000001e-02 
 -3.000007015304990e+00   6.859999999999999e-02   8.380000000000000e-02  -8.260000000000001e-02 
 -2.750197416627952e+00   9.740000000000000e-02   8.380000000000000e-02  -8.380000000000000e-02 
 -2.499814860155782e+00   1.260000000000000e-01   8.380000000000000e-02  -8.520000000000000e-02 
 -2.250005261478743e+00   1.555000000000000e-01   8.380000000000000e-02  -8.670000000000000e-02 
 -2.000195662801704e+00   1.853000000000000e-01   8.380000000000000e-02  -8.830000000000000e-02 
 -1.749813106329534e+00   2.146000000000000e-01   8.370000000000000e-02  -8.970000000000000e-02 
 -1.500003507652495e+00   2.430000000000000e-01   8.370000000000000e-02  -9.100000000000000e-02 
 -1.250193908975456e+00   2.713000000000000e-01   8.380000000000000e-02  -9.210000000000000e-02 
 -9.998113525032866e-01   3.006000000000000e-01   8.380000000000000e-02  -9.360000000000000e-02 
 -7.500017538262476e-01   3.295000000000000e-01   8.380000000000000e-02  -9.490000000000000e-02 
 -5.001921551492087e-01   3.578000000000000e-01   8.380000000000000e-02  -9.610000000000000e-02 
 -2.498095986770389e-01   3.857000000000000e-01   8.380000000000000e-02  -9.719999999999999e-02 
  0.000000000000000e+00   4.135000000000000e-01   8.380000000000000e-02  -9.830000000000000e-02 
  2.297560758474601e-01   4.425000000000000e-01   8.390000000000000e-02  -9.950000000000001e-02 
  4.698253920072751e-01   4.715000000000000e-01   8.390000000000000e-02  -1.008000000000000e-01 
  7.001544256498660e-01   5.003000000000000e-01   8.390000000000000e-02  -1.019000000000000e-01 
  9.402237418096809e-01   5.286000000000000e-01   8.400000000000001e-02  -1.029000000000000e-01 
  1.169979817657141e+00   5.567000000000000e-01   8.400000000000001e-02  -1.040000000000000e-01 
  1.399735893504601e+00   5.850000000000000e-01   8.409999999999999e-02  -1.050000000000000e-01 
  1.639805209664416e+00   6.135000000000000e-01   8.409999999999999e-02  -1.061000000000000e-01 
  1.870134243307007e+00   6.417000000000000e-01   8.420000000000000e-02  -1.072000000000000e-01 
  2.110203559466822e+00   6.697000000000000e-01   8.420000000000000e-02  -1.082000000000000e-01 
  2.339959635314282e+00   6.975000000000000e-01   8.430000000000000e-02  -1.091000000000000e-01 
  2.569715711161742e+00   7.251000000000000e-01   8.430000000000000e-02  -1.100000000000000e-01 
  2.809785027321557e+00   7.528000000000000e-01   8.440000000000000e-02  -1.109000000000000e-01 
  3.040114060964148e+00   7.806999999999999e-01   8.450000000000001e-02  -1.119000000000000e-01 
  3.280183377123963e+00   8.083000000000000e-01   8.459999999999999e-02  -1.128000000000000e-01 
  3.509939452971423e+00   8.358000000000000e-01   8.459999999999999e-02  -1.137000000000000e-01 
  3.740268486614014e+00   8.631000000000000e-01   8.470000000000000e-02  -1.146000000000000e-01 
  3.979764844978698e+00   8.902000000000000e-01   8.470000000000000e-02  -1.153000000000000e-01 
  4.210093878621289e+00   9.173000000000000e-01   8.480000000000000e-02  -1.161000000000000e-01 
  4.450163194781104e+00   9.444000000000000e-01   8.490000000000000e-02  -1.170000000000000e-01 
  4.679919270628565e+00   9.713000000000001e-01   8.500000000000001e-02  -1.178000000000000e-01 
  4.910248304271155e+00   9.981000000000000e-01   8.510000000000000e-02  -1.185000000000000e-01 
  5.149744662635839e+00   1.024900000000000e+00   8.520000000000000e-02  -1.192000000000000e-01 
  5.380073696278431e+00   1.051500000000000e+00   8.530000000000000e-02  -1.199000000000000e-01 
  5.620143012438245e+00   1.077900000000000e+00   8.530000000000000e-02  -1.206000000000000e-01 
  5.849899088285706e+00   1.104100000000000e+00   8.540000000000000e-02  -1.212000000000000e-01 
  6.080228121928297e+00   1.130200000000000e+00   8.560000000000000e-02  -1.218000000000000e-01 
  6.319724480292980e+00   1.156000000000000e+00   8.570000000000000e-02  -1.224000000000000e-01 
  6.550053513935572e+00   1.181800000000000e+00   8.580000000000000e-02  -1.230000000000000e-01 
  6.790122830095386e+00   1.207600000000000e+00   8.590000000000000e-02  -1.235000000000000e-01 
  7.019878905942846e+00   1.233400000000000e+00   8.599999999999999e-02  -1.240000000000000e-01 
  7.250207939585438e+00   1.258900000000000e+00   8.610000000000000e-02  -1.245000000000000e-01 
  7.490277255745252e+00   1.284100000000000e+00   8.620000000000000e-02  -1.250000000000000e-01 
  7.720033331592712e+00   1.308800000000000e+00   8.640000000000000e-02  -1.254000000000000e-01 
  7.960102647752527e+00   1.333100000000000e+00   8.649999999999999e-02  -1.257000000000000e-01 
  8.189858723599988e+00   1.357000000000000e+00   8.670000000000000e-02  -1.259000000000000e-01 
  8.420187757242578e+00   1.381000000000000e+00   8.690000000000001e-02  -1.262000000000000e-01 
  8.660257073402393e+00   1.405400000000000e+00   8.699999999999999e-02  -1.265000000000000e-01 
  8.890013149249853e+00   1.429500000000000e+00   8.710000000000000e-02  -1.267000000000000e-01 
  9.119769225097313e+00   1.453100000000000e+00   8.730000000000000e-02  -1.270000000000000e-01 
  9.880084219235917e+00   1.515400000000000e+00   8.790000000000001e-02  -1.265000000000000e-01 
  1.063982625557939e+01   1.574900000000000e+00   8.860000000000000e-02  -1.256000000000000e-01 
  1.140014124971799e+01   1.615100000000000e+00   8.950000000000000e-02  -1.214000000000000e-01 
  1.215014300354424e+01   1.644300000000000e+00   9.120000000000000e-02  -1.163000000000000e-01 
  1.290988503988771e+01   1.682400000000000e+00   9.300000000000000e-02  -1.133000000000000e-01 
  1.367020003402631e+01   1.714600000000000e+00   9.540000000000000e-02  -1.107000000000000e-01 
  1.442020178785256e+01   1.736200000000000e+00   9.890000000000000e-02  -1.080000000000000e-01 
  1.517994382419603e+01   1.762700000000000e+00   1.024000000000000e-01  -1.063000000000000e-01 
  1.594025881833463e+01   1.770600000000000e+00   1.076000000000000e-01  -1.042000000000000e-01 
  1.669026057216088e+01   1.763900000000000e+00   1.144000000000000e-01  -1.025000000000000e-01 
  1.745000260850435e+01   1.760400000000000e+00   1.211000000000000e-01  -1.013000000000000e-01 
  1.820974464484782e+01   1.725100000000000e+00   1.310000000000000e-01  -1.001000000000000e-01 
  1.897005963898642e+01   1.703500000000000e+00   1.399000000000000e-01  -9.980000000000000e-02 
  1.972006139281267e+01   1.678400000000000e+00   1.492000000000000e-01  -1.001000000000000e-01 
  2.047980342915614e+01   1.650500000000000e+00   1.591000000000000e-01  -1.016000000000000e-01 
  2.124011842329475e+01   1.622700000000000e+00   1.691000000000000e-01  -1.036000000000000e-01 
  2.199012017712099e+01   1.606700000000000e+00   1.778000000000000e-01  -1.064000000000000e-01 
  2.274986221346447e+01   1.597200000000000e+00   1.858000000000000e-01  -1.099000000000000e-01 
  2.351017720760307e+01   1.589200000000000e+00   1.937000000000000e-01  -1.136000000000000e-01 
  2.426017896142932e+01   1.581500000000000e+00   2.014000000000000e-01  -1.180000000000000e-01 
  2.501992099777279e+01   1.556300000000000e+00   2.135000000000000e-01  -1.249000000000000e-01 
  2.578023599191139e+01   1.527200000000000e+00   2.267000000000000e-01  -1.325000000000000e-01 
  2.653023774573764e+01   1.498200000000000e+00   2.399000000000000e-01  -1.400000000000000e-01 
  2.728997978208111e+01   1.469100000000000e+00   2.531000000000000e-01  -1.476000000000000e-01 
  2.804972181842458e+01   1.440100000000000e+00   2.663000000000000e-01  -1.551000000000000e-01 
  2.881003681256318e+01   1.411000000000000e+00   2.795000000000000e-01  -1.627000000000000e-01 
  2.956003856638944e+01   1.382000000000000e+00   2.927000000000000e-01  -1.703000000000000e-01 
  3.031978060273290e+01   1.362200000000000e+00   3.078000000000000e-01  -1.740000000000000e-01 
  3.108009559687150e+01   1.342400000000000e+00   3.230000000000000e-01  -1.777000000000000e-01 
  3.183009735069776e+01   1.322500000000000e+00   3.381000000000000e-01  -1.815000000000000e-01 
  3.258983938704122e+01   1.302700000000000e+00   3.532000000000000e-01  -1.852000000000000e-01 
  3.335015438117983e+01   1.282900000000000e+00   3.684000000000000e-01  -1.889000000000000e-01 
  3.410015613500607e+01   1.263100000000000e+00   3.835000000000000e-01  -1.926000000000000e-01 
  3.485989817134954e+01   1.243300000000000e+00   3.987000000000000e-01  -1.964000000000000e-01 
  3.562021316548815e+01   1.223400000000000e+00   4.138000000000000e-01  -2.001000000000000e-01 
  3.637995520183162e+01   1.203600000000000e+00   4.289000000000000e-01  -2.039000000000000e-01 
  3.712995695565787e+01   1.183800000000000e+00   4.441000000000000e-01  -2.076000000000000e-01 
  3.789027194979647e+01   1.164000000000000e+00   4.592000000000000e-01  -2.113000000000000e-01 
  3.865001398613995e+01   1.144200000000000e+00   4.743000000000000e-01  -2.150000000000000e-01 
  3.940001573996619e+01   1.124300000000000e+00   4.895000000000000e-01  -2.188000000000000e-01 
  4.015975777630966e+01   1.106400000000000e+00   5.052000000000000e-01  -2.218000000000000e-01 
  4.092007277044826e+01   1.090500000000000e+00   5.214000000000000e-01  -2.242000000000000e-01 
  4.167007452427452e+01   1.074500000000000e+00   5.376000000000000e-01  -2.266000000000000e-01 
  4.242981656061799e+01   1.058600000000000e+00   5.538000000000000e-01  -2.289000000000000e-01 
  4.319013155475658e+01   1.042600000000000e+00   5.701000000000001e-01  -2.313000000000000e-01 
  4.394013330858284e+01   1.026700000000000e+00   5.863000000000000e-01  -2.337000000000000e-01 
  4.469987534492630e+01   1.010700000000000e+00   6.025000000000000e-01  -2.361000000000000e-01 
  4.546019033906491e+01   9.948000000000000e-01   6.188000000000000e-01  -2.384000000000000e-01 
  4.621993237540838e+01   9.788000000000000e-01   6.350000000000000e-01  -2.408000000000000e-01 
  4.696993412923462e+01   9.628000000000000e-01   6.512000000000000e-01  -2.432000000000000e-01 
  4.773024912337323e+01   9.469000000000000e-01   6.675000000000000e-01  -2.455000000000000e-01 
  4.848999115971670e+01   9.308999999999999e-01   6.837000000000000e-01  -2.479000000000000e-01 
  4.923999291354295e+01   9.150000000000000e-01   6.999000000000000e-01  -2.503000000000000e-01 
  4.999973494988642e+01   8.990000000000000e-01   7.161000000000000e-01  -2.527000000000000e-01 
  6.000014030609980e+01   6.836000000000000e-01   9.246000000000000e-01  -2.833000000000000e-01 
  6.999997270451806e+01   4.556000000000000e-01   1.098500000000000e+00  -3.156000000000000e-01 
  7.999980510293634e+01   2.219000000000000e-01   1.218200000000000e+00  -3.482000000000000e-01 
  9.000021045914970e+01   0.000000000000000e+00   1.270700000000000e+00  -3.773000000000000e-01 
  1.000000428575680e+02  -1.553000000000000e-01   1.218200000000000e+00  -3.877000000000000e-01 
  1.099998752559862e+02  -3.189000000000000e-01   1.098500000000000e+00  -3.865000000000000e-01 
  1.200002806121996e+02  -4.784000000000000e-01   9.246000000000000e-01  -3.806000000000000e-01 
  1.300001130106179e+02  -6.293000000000000e-01   7.161000000000000e-01  -3.803000000000000e-01 
  1.399999454090361e+02  -7.801000000000000e-01   4.970000000000000e-01  -4.032000000000000e-01 
  1.499997778074544e+02  -9.674000000000000e-01   2.927000000000000e-01  -4.854000000000000e-01 
  1.600001831636678e+02  -8.837000000000000e-01   1.268000000000000e-01  -5.325000000000000e-01 
  1.700000155620860e+02  -4.418000000000000e-01   8.440000000000000e-02  -3.906000000000000e-01 
  1.800000000000000e+02   0.000000000000000e+00   8.440000000000000e-02   0.000000000000000e+00 
8 2 100.000000 configuration: Default, Re = 3.000e+06
 -1.800000000000000e+02   0.000000000000000e-04   3.500000000000000e-01  -1.000000000000000e-04 
  1.800000000000000e+02   0.000000000000000e-04   3.500000000000000e-01  -1.000000000000000e-04 
