                   201   NumCoords   ! The number of coordinates in the airfoil shape file (including an extra coordinate for airfoil reference).  Set to zero if coordinates not included.
! ......... x-y coordinates are next if NumCoords > 0 .............
! x-y coordinate of airfoil reference
!  x/c        y/c
 0.284198       0
! coordinates of airfoil shape
! interpolation to 200 points
!  x/c        y/c
 1.00000000000000e+00 -4.60893942358771e-03
 9.73026274360782e-01 -6.90410076617925e-03
 9.46371457541627e-01 -9.78274386336143e-03
 9.20273495565877e-01 -1.58455587504305e-02
 8.94744688579349e-01 -2.20638481041609e-02
 8.69779414984476e-01 -3.00104056473268e-02
 8.45299135151229e-01 -3.92871197271414e-02
 8.20914212591022e-01 -4.95379067314830e-02
 7.96797531864184e-01 -6.03717731534442e-02
 7.73128867337422e-01 -7.17274571179314e-02
 7.49844043998433e-01 -8.32595985064994e-02
 7.26963938649573e-01 -9.49440951071816e-02
 7.04430597697800e-01 -1.06540252864963e-01
 6.82194541658994e-01 -1.17838919646450e-01
 6.60258597755295e-01 -1.28853346292098e-01
 6.38566293814587e-01 -1.39364020554095e-01
 6.17114984312513e-01 -1.49351095412434e-01
 5.95895656708021e-01 -1.58755950015525e-01
 5.74503377043175e-01 -1.67557771894081e-01
 5.53129301168747e-01 -1.75757762053144e-01
 5.31932507330410e-01 -1.83237261258255e-01
 5.10943667188354e-01 -1.89995759469207e-01
 4.90231626247669e-01 -1.96141373862753e-01
 4.69751621961692e-01 -2.01471168300097e-01
 4.49604186640828e-01 -2.06205771483256e-01
 4.29750297537200e-01 -2.10123190922374e-01
 4.10254567313469e-01 -2.13358050633957e-01
 3.91146062349337e-01 -2.15962287442376e-01
 3.72439071962632e-01 -2.17886963766478e-01
 3.54155988922917e-01 -2.19115869582696e-01
 3.36327239751658e-01 -2.19884564494870e-01
 3.18965055925114e-01 -2.19952589898614e-01
 3.02085751927913e-01 -2.19531330152673e-01
 2.85697723748658e-01 -2.18641418233982e-01
 2.69823448216455e-01 -2.17250456814779e-01
 2.54468436372941e-01 -2.15376559317857e-01
 2.39646774965380e-01 -2.13043191681078e-01
 2.25331377671107e-01 -2.10363259228115e-01
 2.11560700644269e-01 -2.07249248163466e-01
 1.98327353420194e-01 -2.03731927200291e-01
 1.85617141077304e-01 -1.99844152168761e-01
 1.73461081145169e-01 -1.95490872856540e-01
 1.61810871395122e-01 -1.90698706499597e-01
 1.50708743257458e-01 -1.85232592314180e-01
 1.40112600351236e-01 -1.78802644969612e-01
 1.30039544810553e-01 -1.74851736234860e-01
 1.20500211132755e-01 -1.70740907490009e-01
 1.11423220917364e-01 -1.66527009247675e-01
 1.02889020307567e-01 -1.62152704506253e-01
 9.48125771697679e-02 -1.57698708517022e-01
 8.72369919012917e-02 -1.53144368626482e-01
 8.01324785590182e-02 -1.48514482414761e-01
 7.34579550856690e-02 -1.43841235921730e-01
 6.72619371637620e-02 -1.39101671403044e-01
 6.14560513486517e-02 -1.34349150142282e-01
 5.60322009113685e-02 -1.29592557495004e-01
 5.09945547137828e-02 -1.24833570068795e-01
 4.62919791378606e-02 -1.20099989078740e-01
 4.20207001381305e-02 -1.15363744257543e-01
 3.80636755022615e-02 -1.10674760203052e-01
 3.43529735390705e-02 -1.06057732615256e-01
 3.10205476186121e-02 -1.01482129048378e-01
 2.79789787650345e-02 -9.69743859208668e-02
 2.51951173026208e-02 -9.25452850431355e-02
 2.26378122011129e-02 -8.82025818491863e-02
 2.02573441849887e-02 -8.39587403643820e-02
 1.81260503814440e-02 -7.98004269603361e-02
 1.61810370846990e-02 -7.57419239496314e-02
 1.43942617624020e-02 -7.17888194868575e-02
 1.27513819750110e-02 -6.79485704455985e-02
 1.12894240482125e-02 -6.42200881025965e-02
 9.97104984793563e-03 -6.06073356574692e-02
 8.78460126935647e-03 -5.71098600987349e-02
 7.73526384441316e-03 -5.37270130723490e-02
 6.80285178878571e-03 -5.04600814013508e-02
 5.97369992220497e-03 -4.73031147500374e-02
 5.25574516268517e-03 -4.42505623141071e-02
 4.63028704045098e-03 -4.13063026398029e-02
 4.05840849551442e-03 -3.84701917035665e-02
 3.53203595021267e-03 -3.57387242252188e-02
 3.09489868687283e-03 -3.31084105047640e-02
 2.73593611786447e-03 -3.05760464689025e-02
 2.41471740896638e-03 -2.81453696264515e-02
 2.10394198389441e-03 -2.58145450322577e-02
 1.80620683805005e-03 -2.35812203393520e-02
 1.53914396002586e-03 -2.14425594142811e-02
 1.30988184415713e-03 -1.93933823563892e-02
 1.10724727170470e-03 -1.74298941518953e-02
 9.19983699102553e-04 -1.55491060991498e-02
 7.47077728420797e-04 -1.37478397290029e-02
 6.07503542402805e-04 -1.20225072232749e-02
 5.04549243310988e-04 -1.03699930117859e-02
 4.18129417026198e-04 -8.78832519368070e-03
 3.28146772463567e-04 -7.27550794605862e-03
 2.01734671127734e-04 -5.83035907748822e-03
 1.08977033428879e-04 -4.45036025927086e-03
 7.48675455901896e-05 -3.13387413332293e-03
 4.71891595449047e-05 -1.88440818550327e-03
 2.55381003167118e-05 -7.22520325891678e-04
 0.00000000000000e+00  0.00000000000000e+00
 1.82445941401892e-05  1.09822113852304e-03
 4.47452854837152e-05  2.32787420168859e-03
 1.03778072877464e-04  3.62525218721891e-03
 1.97857509730540e-04  4.98314772485607e-03
 3.09388513442310e-04  6.40365955593881e-03
 3.95949068615760e-04  7.89073844274988e-03
 4.76937903807036e-04  9.44579275589852e-03
 5.68073140342830e-04  1.10701212507899e-02
 6.90696120601714e-04  1.27646874676485e-02
 8.64709884474333e-04  1.45318584413147e-02
 1.05496800545847e-03  1.63771486227390e-02
 1.24371397980355e-03  1.83051707398897e-02
 1.45063289690619e-03  2.03174816049606e-02
 1.69428296379518e-03  2.24155838425407e-02
 1.97605598453754e-03  2.45672905254745e-02
 2.26826114624545e-03  2.67835132295954e-02
 2.54932510044121e-03  2.90969301217550e-02
 2.83788306116792e-03  3.15104698103905e-02
 3.16454435727028e-03  3.40257120547645e-02
 3.56877287972456e-03  3.66396564086597e-02
 4.04324079748229e-03  3.93566489926134e-02
 4.54290483034524e-03  4.21806717220364e-02
 5.07815778833634e-03  4.51145450003745e-02
 5.70193523286113e-03  4.81519974508289e-02
 6.44940475479821e-03  5.12936549619853e-02
 7.29910437117474e-03  5.45398564696026e-02
 8.25166994482169e-03  5.79060980376986e-02
 9.33239848107634e-03  6.13896499843505e-02
 1.05595649315610e-02  6.49875842371387e-02
 1.19253489044979e-02  6.87062954482492e-02
 1.34445157693946e-02  7.25440463103604e-02
 1.51144780031413e-02  7.65006274695067e-02
 1.69158755366922e-02  8.05757425465420e-02
 1.89033616651937e-02  8.47597099563421e-02
 2.10959131976232e-02  8.90497498471026e-02
 2.34808476478151e-02  9.34474406759981e-02
 2.60276063189447e-02  9.79569220881749e-02
 2.88376036084375e-02  1.02555120228864e-01
 3.19324543879679e-02  1.07232788718304e-01
 3.53054781976367e-02  1.11990083681694e-01
 3.89688495544475e-02  1.16814774211299e-01
 4.29266488669652e-02  1.21699786294732e-01
 4.71958538992795e-02  1.26635941065023e-01
 5.18467916298399e-02  1.31592124157309e-01
 5.68755170848308e-02  1.36555279665573e-01
 6.22560384231374e-02  1.41528943630688e-01
 6.80398975652379e-02  1.46487268679263e-01
 7.42468196225128e-02  1.51416306748901e-01
 8.09116099789584e-02  1.56279512318508e-01
 8.80443054736169e-02  1.61058775340656e-01
 9.56747760491300e-02  1.65728091121682e-01
 1.03783725942152e-01  1.70292720946422e-01
 1.12382684677266e-01  1.74725987184019e-01
 1.21512905996431e-01  1.78991524968007e-01
 1.31137528675012e-01  1.84952276982857e-01
 1.41294531106140e-01  1.90727351329059e-01
 1.51989916110070e-01  1.95764316924243e-01
 1.63210828974197e-01  2.00300382585629e-01
 1.74960314484025e-01  2.04422882029697e-01
 1.87253330431982e-01  2.08143095621623e-01
 2.00094185834122e-01  2.11458493058491e-01
 2.13485441191448e-01  2.14355567888573e-01
 2.27401238562339e-01  2.16873446110796e-01
 2.41836876204941e-01  2.18999804264796e-01
 2.56791170000117e-01  2.20723667419128e-01
 2.72248549534560e-01  2.22050079103070e-01
 2.88213606087645e-01  2.22884989921621e-01
 3.04659460643946e-01  2.23359716961145e-01
 3.21587612092081e-01  2.23311497526833e-01
 3.38980847582053e-01  2.22810126966973e-01
 3.56833200396130e-01  2.21894556383007e-01
 3.75116893421431e-01  2.20443621286280e-01
 3.93837318765049e-01  2.18561229461092e-01
 4.12972357443824e-01  2.16208610198079e-01
 4.32509900123396e-01  2.13390081581077e-01
 4.52423657137576e-01  2.10046397867940e-01
 4.72717342709760e-01  2.06270066085424e-01
 4.93358390238407e-01  2.02000936463359e-01
 5.14339004183213e-01  1.97271365900164e-01
 5.35626610110424e-01  1.92046240721028e-01
 5.57221150947698e-01  1.86388588381458e-01
 5.78772437892135e-01  1.80387933991015e-01
 6.00434727909356e-01  1.73900535965878e-01
 6.22414790899740e-01  1.67115324366578e-01
 6.44664782312477e-01  1.59852389219092e-01
 6.67202800709276e-01  1.52296687652394e-01
 6.89982922015378e-01  1.44317190855770e-01
 7.12995624138502e-01  1.35966108789514e-01
 7.36241638443648e-01  1.27345622381760e-01
 7.59678014666168e-01  1.18361324189134e-01
 7.83289772536227e-01  1.09053144834407e-01
 8.07064761316450e-01  9.94642551970075e-02
 8.30984983624080e-01  8.96207877949159e-02
 8.54995422901324e-01  7.94229432685600e-02
 8.79107631901995e-01  6.90038576374584e-02
 9.03320781082290e-01  5.84561157806810e-02
 9.27574393984447e-01  4.76686444135006e-02
 9.51847716933182e-01  3.66993825752344e-02
 9.76007084535812e-01  2.50107739323500e-02
 1.00000000000000e+00  1.30294213389580e-02
