                   201   NumCoords   ! The number of coordinates in the airfoil shape file (including an extra coordinate for airfoil reference).  Set to zero if coordinates not included.
! ......... x-y coordinates are next if NumCoords > 0 .............
! x-y coordinate of airfoil reference
!  x/c        y/c
 0.464392       0
! coordinates of airfoil shape
! interpolation to 200 points
!  x/c        y/c
 1.00000000000000e+00 -4.04944220726002e-03
 9.90107943743331e-01 -2.11616913762358e-02
 9.79976561786245e-01 -4.22428047735793e-02
 9.69527253113693e-01 -6.27847010263664e-02
 9.58845277641747e-01 -8.44683721480832e-02
 9.47907900023193e-01 -1.06086981630761e-01
 9.36561287036627e-01 -1.27086746717502e-01
 9.24865558989015e-01 -1.47836991268611e-01
 9.12685824163872e-01 -1.68267507687756e-01
 9.00035971409159e-01 -1.88348911249010e-01
 8.86721146115976e-01 -2.08007541600695e-01
 8.72822443689041e-01 -2.27216836839604e-01
 8.58300546865462e-01 -2.45910366265060e-01
 8.43105100863765e-01 -2.64044885027422e-01
 8.27357128049475e-01 -2.81508662427190e-01
 8.11014976407205e-01 -2.97560632518043e-01
 7.94144032405847e-01 -3.12801263503935e-01
 7.76780635610705e-01 -3.27221484716834e-01
 7.59154863967443e-01 -3.40825132389761e-01
 7.41252947012743e-01 -3.53622002331608e-01
 7.23009549543982e-01 -3.65519747378363e-01
 7.04481856827782e-01 -3.76506562015439e-01
 6.85748877146027e-01 -3.86692631789945e-01
 6.66790456470731e-01 -3.95881646811217e-01
 6.47724476952893e-01 -4.04301791603613e-01
 6.28538885989188e-01 -4.11720217480644e-01
 6.09304644365371e-01 -4.18327117937976e-01
 5.90076369213515e-01 -4.24157119956908e-01
 5.70878477106282e-01 -4.29131252469412e-01
 5.51741798531674e-01 -4.33235564920128e-01
 5.32719204544443e-01 -4.36681604649318e-01
 5.13833835922637e-01 -4.39204849066702e-01
 4.95117801845933e-01 -4.41057743981226e-01
 4.76603373169570e-01 -4.42200739845126e-01
 4.58319379230240e-01 -4.42665940891759e-01
 4.40295293956622e-01 -4.42379909210515e-01
 4.22559868669832e-01 -4.41365838250336e-01
 4.05104118869177e-01 -4.39901276939059e-01
 3.87986587329651e-01 -4.37768223135023e-01
 3.71209490968481e-01 -4.35049622288182e-01
 3.54785608654793e-01 -4.31874587111625e-01
 3.38755049581169e-01 -4.28043155166240e-01
 3.23092294673649e-01 -4.23785984648348e-01
 3.07854314579231e-01 -4.19018305433908e-01
 2.93012642459271e-01 -4.13809260514465e-01
 2.78603473585851e-01 -4.08206223747417e-01
 2.64639805859461e-01 -4.02146129057549e-01
 2.51085483368972e-01 -3.95808248050521e-01
 2.38010115383281e-01 -3.89042583072325e-01
 2.25362931285378e-01 -3.82016665708231e-01
 2.13184221561967e-01 -3.74657877795172e-01
 2.01460900855407e-01 -3.67045419798096e-01
 1.90163593018534e-01 -3.59224710420933e-01
 1.79343654714675e-01 -3.51165027838124e-01
 1.68930060032024e-01 -3.42962154719719e-01
 1.58925113683498e-01 -3.34640774278871e-01
 1.49334345008168e-01 -3.26192742154674e-01
 1.40128031856764e-01 -3.17678239776282e-01
 1.31386092701673e-01 -3.09009384030147e-01
 1.23027820886733e-01 -3.00298277193413e-01
 1.14988628705804e-01 -2.91574871248340e-01
 1.07399618711550e-01 -2.82776737382263e-01
 1.00173440956833e-01 -2.73945450652732e-01
 9.33010623366004e-02 -2.65125810081372e-01
 8.67421515063059e-02 -2.56323033614382e-01
 8.04696252786811e-02 -2.47572594758452e-01
 7.45445454939018e-02 -2.38839805213848e-01
 6.89090163669353e-02 -2.30150198552036e-01
 6.35571100632444e-02 -2.21528811597968e-01
 5.84628598455712e-02 -2.12964031901290e-01
 5.36834775273924e-02 -2.04450172593743e-01
 4.91766483493065e-02 -1.96000900377652e-01
 4.49289891898250e-02 -1.87619729437970e-01
 4.09665269998375e-02 -1.79315144623440e-01
 3.72473915948948e-02 -1.71085090679221e-01
 3.37619510936849e-02 -1.62945527563659e-01
 3.05154439866697e-02 -1.54906948371061e-01
 2.74747578305650e-02 -1.46958597794313e-01
 2.46256246492475e-02 -1.39119323172066e-01
 2.19556810083074e-02 -1.31391818990843e-01
 1.94725740312677e-02 -1.23764921817277e-01
 1.71974019853234e-02 -1.16246398025638e-01
 1.50967240479968e-02 -1.08838519154429e-01
 1.31241120289408e-02 -1.01541446797322e-01
 1.13131670264550e-02 -9.43596755174633e-02
 9.68217576451631e-03 -8.72919846170337e-02
 8.19261451651938e-03 -8.03326947485257e-02
 6.85259310056154e-03 -7.34888763290648e-02
 5.66973383043209e-03 -6.67660697689026e-02
 4.58341834032079e-03 -6.01580537114939e-02
 3.62420168566466e-03 -5.36654969225028e-02
 2.82789859612711e-03 -4.72912298677463e-02
 2.14757381938305e-03 -4.10351403545521e-02
 1.51646705072996e-03 -3.48941294874603e-02
 9.61572294348983e-04 -2.88716367909760e-02
 5.89544904755437e-04 -2.29663130548550e-02
 3.53371194545370e-04 -1.71703151670349e-02
 1.59138118559234e-04 -1.14776613241169e-02
 4.39809499677806e-05 -5.87121986609340e-03
 0.00000000000000e+00  0.00000000000000e+00
 3.81698617488712e-05  5.15297868932168e-03
 1.56185950005463e-04  1.06957054259881e-02
 3.66619427778555e-04  1.63498755323997e-02
 6.45374826391769e-04  2.21123660710845e-02
 1.02320006039223e-03  2.79870697045316e-02
 1.53236969452066e-03  3.39798198579088e-02
 2.14098856286040e-03  4.00875051611580e-02
 2.81095973272332e-03  4.63059105448801e-02
 3.61155317167724e-03  5.26381586698276e-02
 4.58481001635349e-03  5.90853913198580e-02
 5.66861148345728e-03  6.56455527933874e-02
 6.83713611443124e-03  7.23177849613254e-02
 8.16042575461969e-03  7.91066153276324e-02
 9.65026116433645e-03  8.60049779938368e-02
 1.12951268019671e-02  9.30199948054444e-02
 1.31056492782774e-02  1.00158149489608e-01
 1.50600558362827e-02  1.07411285189070e-01
 1.71470988327311e-02  1.14769994953627e-01
 1.94149429336387e-02  1.22233008925903e-01
 2.18959968848104e-02  1.29800288328038e-01
 2.45503545502532e-02  1.37465724211078e-01
 2.73688263057950e-02  1.45239120831936e-01
 3.03640771461969e-02  1.53119987942616e-01
 3.35543149063569e-02  1.61091862716758e-01
 3.69855433845425e-02  1.69158014951514e-01
 4.06410734139303e-02  1.77317497265241e-01
 4.45322919266080e-02  1.85548268056561e-01
 4.87041697746784e-02  1.93850240375012e-01
 5.31483219947591e-02  2.02214413013176e-01
 5.78634155923834e-02  2.10633134382988e-01
 6.28765455768228e-02  2.19105694592072e-01
 6.81612126601216e-02  2.27621394531510e-01
 7.37118920893041e-02  2.36201436454749e-01
 7.95628381151367e-02  2.44814763514457e-01
 8.57276177854814e-02  2.53446290507154e-01
 9.22035565756572e-02  2.62110806795016e-01
 9.89428230370778e-02  2.70808530840306e-01
 1.06043472901740e-01  2.79504983189451e-01
 1.13503324685347e-01  2.88165604383654e-01
 1.21326514325098e-01  2.96804417730682e-01
 1.29506781087730e-01  3.05402156403350e-01
 1.38044745502426e-01  3.13961877684528e-01
 1.46950321717893e-01  3.22466055952785e-01
 1.56268753826879e-01  3.30857916562765e-01
 1.65993074010277e-01  3.39150883032155e-01
 1.76085265431105e-01  3.47349299607419e-01
 1.86592773986341e-01  3.55417470690639e-01
 1.97517753439720e-01  3.63304925094982e-01
 2.08885611002007e-01  3.71000151033381e-01
 2.20685347916501e-01  3.78462829201340e-01
 2.32944581652933e-01  3.85661373315445e-01
 2.45632375265391e-01  3.92584393536910e-01
 2.58754071263812e-01  3.99213287691693e-01
 2.72329789823753e-01  4.05477300906592e-01
 2.86317381634479e-01  4.11409406670345e-01
 3.00738060215015e-01  4.16961879388392e-01
 3.15581264652796e-01  4.22054737287641e-01
 3.30831524720438e-01  4.26760398928881e-01
 3.46469946624754e-01  4.30952806601619e-01
 3.62505525215607e-01  4.34688443447930e-01
 3.78917897160337e-01  4.37728052205942e-01
 3.95702420140162e-01  4.40264428077635e-01
 4.12817911434669e-01  4.42107802825667e-01
 4.30242385778508e-01  4.43459952640245e-01
 4.47963307320108e-01  4.43998983580603e-01
 4.65939027274126e-01  4.43955048349889e-01
 4.84162231076187e-01  4.43075853987034e-01
 5.02586063044421e-01  4.41587724910818e-01
 5.21189994899066e-01  4.39277011684572e-01
 5.39944633324030e-01  4.36189262029700e-01
 5.58811751850159e-01  4.32397281259183e-01
 5.77752015764362e-01  4.27730273673080e-01
 5.96748522914167e-01  4.22314631116957e-01
 6.15752274823959e-01  4.16118511767899e-01
 6.34737777641115e-01  4.09112668207882e-01
 6.53652959515728e-01  4.01234338105570e-01
 6.72476185888804e-01  3.92600364219614e-01
 6.91165887283722e-01  3.83117029338415e-01
 7.09681526121193e-01  3.72827717947471e-01
 7.27971568609223e-01  3.61691577013775e-01
 7.46021275395513e-01  3.49753700399528e-01
 7.63952473339125e-01  3.37144359082758e-01
 7.81593028434579e-01  3.23697458912003e-01
 7.98918713779653e-01  3.09611471755751e-01
 8.15797210412890e-01  2.94712946560453e-01
 8.32269112906338e-01  2.79190700836260e-01
 8.48249046932404e-01  2.62921881556432e-01
 8.63721793661323e-01  2.45477364824219e-01
 8.78690739010807e-01  2.27139425331472e-01
 8.93078714417823e-01  2.08294886288587e-01
 9.06876648038300e-01  1.88989834397320e-01
 9.20054030652374e-01  1.69272311265523e-01
 9.32604803101690e-01  1.49174648382107e-01
 9.44442182614157e-01  1.28719078463386e-01
 9.55585002516909e-01  1.07974402863957e-01
 9.66078754126260e-01  8.69864849532074e-02
 9.75840844320861e-01  6.57710156373680e-02
 9.84850404047229e-01  4.43702039715753e-02
 9.92838205467509e-01  2.42395019600565e-02
 1.00000000000000e+00  3.00445401947515e-03
