                   201   NumCoords   ! The number of coordinates in the airfoil shape file (including an extra coordinate for airfoil reference).  Set to zero if coordinates not included.
! ......... x-y coordinates are next if NumCoords > 0 .............
! x-y coordinate of airfoil reference
!  x/c        y/c
 0.390122       0
! coordinates of airfoil shape
! interpolation to 200 points
!  x/c        y/c
 1.00000000000000e+00 -7.79250540210476e-03
 9.77017268687204e-01 -1.74031729870842e-02
 9.54343176664930e-01 -3.17482555185861e-02
 9.32175478356467e-01 -4.67900602954581e-02
 9.10541344325251e-01 -6.37206430633853e-02
 8.89373809497753e-01 -8.11737056162081e-02
 8.68505934485985e-01 -9.84988486678354e-02
 8.48446088374730e-01 -1.15863866312338e-01
 8.28655350534286e-01 -1.33102774876608e-01
 8.09020042048101e-01 -1.50266057382823e-01
 7.89117549529323e-01 -1.67062368900982e-01
 7.69078615791609e-01 -1.83530616521204e-01
 7.48759207696015e-01 -1.99521560226910e-01
 7.28030265457616e-01 -2.14902216382042e-01
 7.07108785859387e-01 -2.29680253362072e-01
 6.85830001106276e-01 -2.43187627221803e-01
 6.64302726752478e-01 -2.55881352869659e-01
 6.42568501754889e-01 -2.67737982385960e-01
 6.21398552766199e-01 -2.78773360912931e-01
 6.00569561079749e-01 -2.89008246333855e-01
 5.79754345699281e-01 -2.98283473389154e-01
 5.58998894393825e-01 -3.06602312810510e-01
 5.38394461172033e-01 -3.14150169376966e-01
 5.17884483701876e-01 -3.20587808506491e-01
 4.97605082450810e-01 -3.26307213977992e-01
 4.77507905258736e-01 -3.30924414974958e-01
 4.57679827116656e-01 -3.34727164044805e-01
 4.38160705003559e-01 -3.37801189795902e-01
 4.18965099406915e-01 -3.40014181983010e-01
 4.00119205809564e-01 -3.41310967721375e-01
 3.81664247966174e-01 -3.42111614057546e-01
 3.63614741897514e-01 -3.41920853359356e-01
 3.45992388025820e-01 -3.41148766729760e-01
 3.28810662609136e-01 -3.39794896469482e-01
 3.12098393652587e-01 -3.37817531183190e-01
 2.95866513120231e-01 -3.35140408446300e-01
 2.80135529359607e-01 -3.31877407946795e-01
 2.64871271594770e-01 -3.28309403955581e-01
 2.50129992703889e-01 -3.24173381736323e-01
 2.35903372282316e-01 -3.19572373420130e-01
 2.22178890162607e-01 -3.14646573868771e-01
 2.09001732402603e-01 -3.09189441375878e-01
 1.96312467811123e-01 -3.03517060314746e-01
 1.84173931766447e-01 -2.97414267266270e-01
 1.72534094978930e-01 -2.91072821521752e-01
 1.61420712493192e-01 -2.84460709232357e-01
 1.50851436791582e-01 -2.77532024466998e-01
 1.40740192701930e-01 -2.70530273686908e-01
 1.31195487607843e-01 -2.63208938274473e-01
 1.22113872643535e-01 -2.55815601743011e-01
 1.13556094884279e-01 -2.48225726436837e-01
 1.05487095434187e-01 -2.40533832167648e-01
 9.78563818645176e-02 -2.32833956676649e-01
 9.07323454876364e-02 -2.25021724225095e-01
 8.40020146885318e-02 -2.17281400694554e-01
 7.76603862152355e-02 -2.09619312665403e-01
 7.17161464796825e-02 -2.02015887228625e-01
 6.61094468225734e-02 -1.94553277997845e-01
 6.09717028904835e-02 -1.87051701168598e-01
 5.61581461399666e-02 -1.79693069328686e-01
 5.15823783155542e-02 -1.72549364307320e-01
 4.74293915574353e-02 -1.65431388238409e-01
 4.35840356939443e-02 -1.58438013543517e-01
 4.00106551240624e-02 -1.51611128564198e-01
 3.66684299600314e-02 -1.44966304777840e-01
 3.35000685362719e-02 -1.38545748798645e-01
 3.06049731490053e-02 -1.32259856164113e-01
 2.79041021424412e-02 -1.26154909371519e-01
 2.53700000118597e-02 -1.20243945596806e-01
 2.29888038986225e-02 -1.14511776914263e-01
 2.08254689699316e-02 -1.08909099839578e-01
 1.88316049613940e-02 -1.03456069979761e-01
 1.69947570368164e-02 -9.81516961199768e-02
 1.53325434185214e-02 -9.29837321476247e-02
 1.38163404367353e-02 -8.79547013247083e-02
 1.24245636821910e-02 -8.30733771499109e-02
 1.11662909488514e-02 -7.83423998234199e-02
 1.00214641665416e-02 -7.37456571051364e-02
 8.94455967352690e-03 -6.92991598213754e-02
 7.92621517623105e-03 -6.49993183001737e-02
 7.01467906840516e-03 -6.08249258587618e-02
 6.21029245584335e-03 -5.67711278283625e-02
 5.46897757304943e-03 -5.28372896306795e-02
 4.75293926999053e-03 -4.90269265999302e-02
 4.08072434898811e-03 -4.53320102681541e-02
 3.48168603813258e-03 -4.17418873829137e-02
 2.95170829144720e-03 -3.82511775277000e-02
 2.47743817315950e-03 -3.48617633543403e-02
 2.05043043138508e-03 -3.15745694182157e-02
 1.65281788074532e-03 -2.83843264211763e-02
 1.31411100533699e-03 -2.52862506125047e-02
 1.04792773683861e-03 -2.22762938356610e-02
 8.18796760449632e-04 -1.93535211805040e-02
 5.90974082274866e-04 -1.65166778923024e-02
 3.38613930050702e-04 -1.37642306342877e-02
 1.67558561397876e-04 -1.10844453647545e-02
 9.42572704548248e-05 -8.46171999920570e-03
 3.80970993533570e-05 -5.87464804018836e-03
 1.24703425303164e-05 -3.23504749984524e-03
 0.00000000000000e+00  0.00000000000000e+00
 1.31516572079393e-06  2.09880657082579e-03
 3.26083121823519e-05  4.46533198971218e-03
 1.22099157497356e-04  6.90237282075374e-03
 2.67390913755405e-04  9.40928202779359e-03
 4.54038787593381e-04  1.19908935512643e-02
 6.43463362927136e-04  1.46532066317431e-02
 8.46780236877072e-04  1.73966985922894e-02
 1.07017498269121e-03  2.02209564038646e-02
 1.35366026255107e-03  2.31272723041654e-02
 1.72706045924821e-03  2.61179384754564e-02
 2.13521303347039e-03  2.91973671619880e-02
 2.55476419961693e-03  3.23693413196534e-02
 3.02223534354282e-03  3.56358123027573e-02
 3.56736841809969e-03  3.89945868815548e-02
 4.19569823118416e-03  4.25077373244411e-02
 4.87592431707513e-03  4.61765916933636e-02
 5.57161626283190e-03  4.99644604250077e-02
 6.29638816335074e-03  5.38688808696870e-02
 7.09419881562539e-03  5.78852279805396e-02
 8.00496803950245e-03  6.20170954840604e-02
 9.00126547821983e-03  6.62729788667730e-02
 1.00361213361005e-02  7.06738373427678e-02
 1.11170293534293e-02  7.52247802523601e-02
 1.23012325452953e-02  7.99142299506511e-02
 1.36321994465765e-02  8.47449986734361e-02
 1.50796664893851e-02  8.97299892720469e-02
 1.66626792021850e-02  9.48506115457776e-02
 1.84155687013980e-02  1.00099115281722e-01
 2.03466787414631e-02  1.05482538098099e-01
 2.24500149986634e-02  1.11000583359707e-01
 2.47434890478118e-02  1.16652644013212e-01
 2.72106724807499e-02  1.22456399461233e-01
 2.98200443161833e-02  1.28450706983276e-01
 3.26354094131018e-02  1.34600567132892e-01
 3.56779655878484e-02  1.40895474460795e-01
 3.89278610926428e-02  1.47369405290070e-01
 4.23340652566665e-02  1.54065493947864e-01
 4.60270751450409e-02  1.60899020709041e-01
 5.00251755492014e-02  1.67848324584051e-01
 5.43186240670922e-02  1.74936644169565e-01
 5.89112936861713e-02  1.82167442571617e-01
 6.38019369883675e-02  1.89559507297169e-01
 6.90079376676747e-02  1.97097631203548e-01
 7.46122460810146e-02  2.04693915092844e-01
 8.06015717380821e-02  2.12378887277642e-01
 8.69342114946803e-02  2.20204736122115e-01
 9.36762255609210e-02  2.28092761909748e-01
 1.00847831620680e-01  2.36000097785897e-01
 1.08487203975715e-01  2.43885376356790e-01
 1.16599579341382e-01  2.51723095644930e-01
 1.25224139494947e-01  2.59437616601374e-01
 1.34330866633894e-01  2.67066963193577e-01
 1.43931492217160e-01  2.74567198091449e-01
 1.54075251725804e-01  2.81839350446238e-01
 1.64708276928947e-01  2.88967784902471e-01
 1.75877024235585e-01  2.95845502846222e-01
 1.87585334193317e-01  3.02403703183844e-01
 1.99815607644520e-01  3.08691569019192e-01
 2.12566469556265e-01  3.14645081641546e-01
 2.25857357347656e-01  3.20200857604465e-01
 2.39688990657982e-01  3.25221214836798e-01
 2.54064544316533e-01  3.29695739745678e-01
 2.68945810029163e-01  3.33642733859019e-01
 2.84323131044882e-01  3.37108759797604e-01
 3.00192958115606e-01  3.39900993189996e-01
 3.16528606327245e-01  3.42173598053941e-01
 3.33334285679783e-01  3.43650079110578e-01
 3.50569657035966e-01  3.44646000863054e-01
 3.68232590416442e-01  3.44816909808048e-01
 3.86297814351062e-01  3.44297488226879e-01
 4.04750055434077e-01  3.43164676649596e-01
 4.23550647353638e-01  3.41170527088266e-01
 4.42702970191952e-01  3.38534930266528e-01
 4.62171715410592e-01  3.35176111223305e-01
 4.81938775511690e-01  3.31081087271969e-01
 5.01963878384134e-01  3.26130099119308e-01
 5.22247824376656e-01  3.20509291380960e-01
 5.42746519333293e-01  3.14078704578439e-01
 5.63442945828704e-01  3.06892323218774e-01
 5.84291425409389e-01  2.98879366916701e-01
 6.05289861696051e-01  2.90123707448027e-01
 6.27068867999325e-01  2.80802862094534e-01
 6.49132198506217e-01  2.70638807817031e-01
 6.71288822695048e-01  2.59949851671173e-01
 6.93323063956055e-01  2.48431246666475e-01
 7.15371664342110e-01  2.36370831239160e-01
 7.37265834434815e-01  2.23558298812276e-01
 7.59022124131306e-01  2.09723307210966e-01
 7.80709901235410e-01  1.95147493441202e-01
 8.02171844415574e-01  1.80010291195882e-01
 8.23414680249399e-01  1.64371374257572e-01
 8.44445565302745e-01  1.48289526037609e-01
 8.65252154687107e-01  1.31796085336487e-01
 8.85647484306971e-01  1.14812390110315e-01
 9.05751199125572e-01  9.74765617898666e-02
 9.25655583293634e-01  7.98767353057932e-02
 9.45125467707141e-01  6.18937725156881e-02
 9.64203432981029e-01  4.35329157313529e-02
 9.82496210818070e-01  2.63561034389819e-02
 1.00000000000000e+00  8.04609776284638e-03
