# Pitch angle vector - x axis (matrix columns) (deg)
0.00   0.50   1.00   1.50   2.00   2.50   3.00   3.50   4.00   4.50   5.00   5.50   6.00   6.50   7.00   7.50   8.00   8.50   9.00   9.50   10.00   10.50   11.00   11.50   12.00   12.50   13.00   13.50   14.00   14.50   15.00   15.50   16.00   16.50   17.00   17.50   18.00   18.50   19.00   19.50   20.00   20.50   21.00   21.50   22.00   22.50   23.00   23.50   24.00   24.50   
# TSR vector - y axis (matrix rows) (-)
0.50   1.00   1.50   2.00   2.50   3.00   3.50   4.00   4.50   5.00   5.50   6.00   6.50   7.00   7.50   8.00   8.50   9.00   9.50   10.00   10.50   11.00   11.50   12.00   12.50   13.00   13.50   14.00   14.50   
# Wind speed vector - z axis (m/s)
3.00   

# Power coefficient

0.00078   0.00088   0.00097   0.00107   0.00116   0.00126   0.00136   0.00145   0.00155   0.00164   0.00174   0.00183   0.00193   0.00202   0.00212   0.00221   0.00231   0.00240   0.00250   0.00259   0.00268   0.00278   0.00287   0.00296   0.00305   0.00315   0.00324   0.00333   0.00342   0.00351   0.00360   0.00369   0.00378   0.00388   0.00397   0.00406   0.00415   0.00424   0.00433   0.00442   0.00451   0.00461   0.00470   0.00479   0.00488   0.00498   0.00507   0.00516   0.00526   0.00535   
0.00320   0.00346   0.00371   0.00397   0.00422   0.00447   0.00473   0.00498   0.00524   0.00550   0.00575   0.00601   0.00627   0.00653   0.00679   0.00705   0.00731   0.00757   0.00784   0.00810   0.00837   0.00864   0.00891   0.00918   0.00945   0.00973   0.01001   0.01029   0.01057   0.01085   0.01114   0.01142   0.01172   0.01201   0.01230   0.01260   0.01290   0.01321   0.01351   0.01382   0.01414   0.01445   0.01477   0.01509   0.01541   0.01573   0.01606   0.01639   0.01672   0.01705   
0.00953   0.01010   0.01066   0.01123   0.01181   0.01238   0.01296   0.01355   0.01413   0.01472   0.01532   0.01592   0.01652   0.01713   0.01774   0.01836   0.01898   0.01960   0.02023   0.02086   0.02149   0.02213   0.02277   0.02342   0.02407   0.02472   0.02537   0.02602   0.02667   0.02733   0.02798   0.02863   0.02928   0.02992   0.03056   0.03119   0.03182   0.03244   0.03304   0.03364   0.03422   0.03479   0.03534   0.03587   0.03638   0.03687   0.03733   0.03776   0.03817   0.03855   
0.02280   0.02391   0.02502   0.02614   0.02727   0.02839   0.02953   0.03067   0.03181   0.03296   0.03411   0.03526   0.03641   0.03756   0.03871   0.03986   0.04100   0.04214   0.04326   0.04438   0.04549   0.04658   0.04765   0.04871   0.04974   0.05074   0.05172   0.05267   0.05357   0.05445   0.05527   0.05606   0.05679   0.05747   0.05809   0.05866   0.05916   0.05960   0.05997   0.06026   0.06048   0.06063   0.06070   0.06068   0.06059   0.06041   0.06015   0.05980   0.05937   0.05885   
0.04529   0.04716   0.04902   0.05089   0.05274   0.05459   0.05643   0.05826   0.06007   0.06186   0.06362   0.06536   0.06707   0.06874   0.07036   0.07194   0.07347   0.07494   0.07635   0.07769   0.07895   0.08013   0.08123   0.08223   0.08314   0.08394   0.08463   0.08521   0.08567   0.08601   0.08622   0.08631   0.08626   0.08608   0.08577   0.08533   0.08475   0.08404   0.08320   0.08223   0.08113   0.07992   0.07858   0.07712   0.07555   0.07387   0.07208   0.07020   0.06822   0.06615   
0.07772   0.08043   0.08310   0.08572   0.08830   0.09081   0.09327   0.09565   0.09795   0.10016   0.10227   0.10428   0.10617   0.10793   0.10956   0.11105   0.11239   0.11357   0.11458   0.11541   0.11606   0.11652   0.11679   0.11687   0.11674   0.11642   0.11589   0.11516   0.11423   0.11311   0.11180   0.11031   0.10864   0.10679   0.10477   0.10260   0.10027   0.09779   0.09518   0.09243   0.08957   0.08659   0.08350   0.08031   0.07702   0.07364   0.07018   0.06663   0.06302   0.05933   
0.11911   0.12249   0.12575   0.12887   0.13185   0.13468   0.13733   0.13980   0.14207   0.14413   0.14597   0.14758   0.14894   0.15005   0.15089   0.15146   0.15175   0.15176   0.15148   0.15092   0.15007   0.14894   0.14753   0.14585   0.14391   0.14173   0.13930   0.13664   0.13377   0.13069   0.12742   0.12396   0.12034   0.11656   0.11263   0.10856   0.10437   0.10005   0.09562   0.09108   0.08643   0.08169   0.07685   0.07194   0.06695   0.06189   0.05678   0.05161   0.04639   0.04114   
0.16691   0.17052   0.17388   0.17698   0.17979   0.18229   0.18448   0.18633   0.18784   0.18898   0.18975   0.19015   0.19016   0.18979   0.18903   0.18789   0.18637   0.18447   0.18222   0.17963   0.17671   0.17349   0.16998   0.16619   0.16215   0.15787   0.15337   0.14867   0.14378   0.13871   0.13349   0.12811   0.12259   0.11692   0.11113   0.10521   0.09918   0.09303   0.08678   0.08044   0.07401   0.06749   0.06091   0.05427   0.04756   0.04081   0.03402   0.02719   0.02033   0.01345   
0.21755   0.22080   0.22363   0.22602   0.22796   0.22943   0.23042   0.23092   0.23093   0.23045   0.22946   0.22799   0.22604   0.22361   0.22073   0.21742   0.21371   0.20963   0.20519   0.20041   0.19534   0.18998   0.18436   0.17850   0.17243   0.16615   0.15969   0.15305   0.14624   0.13927   0.13215   0.12487   0.11745   0.10990   0.10221   0.09440   0.08647   0.07844   0.07030   0.06208   0.05377   0.04539   0.03695   0.02845   0.01989   0.01130   0.00267   -0.00599   -0.01467   -0.02337   
0.26730   0.26956   0.27123   0.27230   0.27276   0.27261   0.27186   0.27051   0.26856   0.26602   0.26293   0.25929   0.25515   0.25053   0.24546   0.23998   0.23412   0.22791   0.22137   0.21453   0.20743   0.20008   0.19250   0.18472   0.17673   0.16855   0.16019   0.15163   0.14290   0.13399   0.12490   0.11565   0.10623   0.09666   0.08695   0.07710   0.06713   0.05704   0.04685   0.03656   0.02619   0.01573   0.00522   -0.00536   -0.01599   -0.02665   -0.03735   -0.04808   -0.05884   -0.06962   
0.31296   0.31380   0.31391   0.31332   0.31201   0.31001   0.30732   0.30396   0.29997   0.29536   0.29018   0.28446   0.27824   0.27156   0.26445   0.25695   0.24909   0.24092   0.23245   0.22372   0.21474   0.20552   0.19608   0.18641   0.17651   0.16638   0.15603   0.14545   0.13466   0.12364   0.11242   0.10101   0.08940   0.07762   0.06567   0.05357   0.04133   0.02896   0.01647   0.00386   -0.00883   -0.02162   -0.03447   -0.04739   -0.06036   -0.07337   -0.08641   -0.09948   -0.11259   -0.12573   
0.35266   0.35203   0.35059   0.34836   0.34535   0.34157   0.33706   0.33184   0.32596   0.31946   0.31237   0.30476   0.29665   0.28809   0.27912   0.26979   0.26012   0.25014   0.23987   0.22933   0.21851   0.20742   0.19604   0.18437   0.17242   0.16019   0.14767   0.13487   0.12180   0.10847   0.09489   0.08108   0.06705   0.05281   0.03837   0.02375   0.00897   -0.00597   -0.02105   -0.03626   -0.05157   -0.06697   -0.08245   -0.09799   -0.11356   -0.12918   -0.14483   -0.16051   -0.17622   -0.19197   
0.38613   0.38429   0.38156   0.37794   0.37345   0.36814   0.36204   0.35519   0.34766   0.33948   0.33071   0.32139   0.31159   0.30133   0.29067   0.27963   0.26825   0.25653   0.24447   0.23207   0.21932   0.20621   0.19273   0.17889   0.16469   0.15013   0.13522   0.11996   0.10438   0.08848   0.07229   0.05582   0.03908   0.02209   0.00487   -0.01257   -0.03020   -0.04801   -0.06599   -0.08409   -0.10232   -0.12062   -0.13899   -0.15741   -0.17585   -0.19432   -0.21283   -0.23137   -0.24995   -0.26854   
0.41380   0.41116   0.40748   0.40280   0.39715   0.39060   0.38318   0.37497   0.36601   0.35637   0.34610   0.33527   0.32392   0.31210   0.29984   0.28716   0.27407   0.26056   0.24661   0.23221   0.21736   0.20205   0.18628   0.17005   0.15336   0.13623   0.11867   0.10070   0.08233   0.06359   0.04450   0.02507   0.00532   -0.01473   -0.03505   -0.05563   -0.07643   -0.09744   -0.11861   -0.13991   -0.16132   -0.18280   -0.20431   -0.22584   -0.24740   -0.26899   -0.29062   -0.31229   -0.33402   -0.35578   
0.43606   0.43309   0.42890   0.42354   0.41708   0.40960   0.40115   0.39181   0.38165   0.37075   0.35917   0.34698   0.33420   0.32090   0.30707   0.29272   0.27784   0.26241   0.24642   0.22985   0.21271   0.19499   0.17669   0.15782   0.13839   0.11843   0.09796   0.07700   0.05556   0.03368   0.01137   -0.01134   -0.03443   -0.05787   -0.08163   -0.10568   -0.12997   -0.15447   -0.17914   -0.20392   -0.22878   -0.25366   -0.27856   -0.30348   -0.32842   -0.35341   -0.37847   -0.40361   -0.42884   -0.45410   
0.45291   0.45024   0.44607   0.44051   0.43364   0.42556   0.41637   0.40616   0.39503   0.38307   0.37033   0.35687   0.34275   0.32797   0.31254   0.29644   0.27965   0.26215   0.24395   0.22502   0.20537   0.18501   0.16393   0.14217   0.11975   0.09668   0.07301   0.04874   0.02392   -0.00143   -0.02729   -0.05362   -0.08039   -0.10757   -0.13510   -0.16294   -0.19104   -0.21934   -0.24778   -0.27630   -0.30485   -0.33341   -0.36197   -0.39055   -0.41919   -0.44793   -0.47680   -0.50580   -0.53491   -0.56401   
0.46422   0.46254   0.45906   0.45384   0.44701   0.43872   0.42911   0.41831   0.40644   0.39357   0.37980   0.36517   0.34972   0.33345   0.31634   0.29838   0.27954   0.25982   0.23921   0.21771   0.19533   0.17207   0.14797   0.12305   0.09734   0.07088   0.04369   0.01581   -0.01274   -0.04190   -0.07166   -0.10196   -0.13277   -0.16402   -0.19566   -0.22762   -0.25983   -0.29221   -0.32470   -0.35723   -0.38975   -0.42227   -0.45480   -0.48738   -0.52010   -0.55300   -0.58611   -0.61940   -0.65278   -0.68603   
0.47023   0.46993   0.46773   0.46350   0.45725   0.44919   0.43952   0.42841   0.41601   0.40242   0.38774   0.37201   0.35524   0.33742   0.31854   0.29859   0.27755   0.25542   0.23221   0.20791   0.18254   0.15614   0.12874   0.10038   0.07109   0.04091   0.00987   -0.02197   -0.05458   -0.08792   -0.12193   -0.15657   -0.19177   -0.22744   -0.26352   -0.29992   -0.33654   -0.37330   -0.41012   -0.44694   -0.48375   -0.52055   -0.55739   -0.59438   -0.63162   -0.66914   -0.70696   -0.74498   -0.78299   -0.82073   
0.47142   0.47278   0.47211   0.46932   0.46429   0.45697   0.44766   0.43656   0.42388   0.40975   0.39426   0.37746   0.35934   0.33991   0.31916   0.29709   0.27368   0.24895   0.22291   0.19558   0.16698   0.13717   0.10619   0.07407   0.04088   0.00665   -0.02857   -0.06473   -0.10178   -0.13966   -0.17831   -0.21765   -0.25759   -0.29804   -0.33889   -0.38004   -0.42138   -0.46283   -0.50429   -0.54573   -0.58715   -0.62859   -0.67017   -0.71203   -0.75427   -0.79693   -0.83995   -0.88312   -0.92614   -0.96870   
0.46806   0.47137   0.47253   0.47144   0.46801   0.46206   0.45356   0.44283   0.43013   0.41563   0.39943   0.38157   0.36208   0.34096   0.31823   0.29388   0.26793   0.24040   0.21130   0.18068   0.14859   0.11508   0.08021   0.04403   0.00660   -0.03203   -0.07180   -0.11265   -0.15452   -0.19732   -0.24098   -0.28539   -0.33044   -0.37600   -0.42196   -0.46820   -0.51460   -0.56106   -0.60750   -0.65390   -0.70030   -0.74681   -0.79360   -0.84085   -0.88864   -0.93696   -0.98565   -1.03439   -1.08282   -1.13057   
0.46076   0.46599   0.46922   0.47014   0.46858   0.46437   0.45725   0.44728   0.43483   0.42013   0.40329   0.38439   0.36348   0.34059   0.31574   0.28897   0.26028   0.22972   0.19733   0.16316   0.12730   0.08980   0.05073   0.01015   -0.03188   -0.07527   -0.11997   -0.16590   -0.21298   -0.26110   -0.31015   -0.36000   -0.41052   -0.46156   -0.51299   -0.56467   -0.61647   -0.66829   -0.72006   -0.77181   -0.82361   -0.87566   -0.92820   -0.98139   -1.03529   -1.08981   -1.14465   -1.19939   -1.25364   -1.30698   
0.45025   0.45724   0.46249   0.46562   0.46622   0.46401   0.45868   0.44992   0.43801   0.42325   0.40585   0.38591   0.36354   0.33879   0.31170   0.28232   0.25070   0.21689   0.18095   0.14298   0.10305   0.06124   0.01763   -0.02770   -0.07468   -0.12323   -0.17325   -0.22466   -0.27734   -0.33117   -0.38600   -0.44168   -0.49805   -0.55495   -0.61222   -0.66971   -0.72727   -0.78482   -0.84232   -0.89983   -0.95750   -1.01564   -1.07450   -1.13422   -1.19481   -1.25605   -1.31751   -1.37873   -1.43922   -1.49857   
0.43699   0.44569   0.45285   0.45820   0.46112   0.46115   0.45786   0.45074   0.43965   0.42502   0.40712   0.38617   0.36228   0.33556   0.30609   0.27394   0.23916   0.20186   0.16213   0.12006   0.07576   0.02932   -0.01918   -0.06964   -0.12196   -0.17605   -0.23181   -0.28910   -0.34780   -0.40774   -0.46875   -0.53066   -0.59328   -0.65643   -0.71992   -0.78360   -0.84732   -0.91099   -0.97463   -1.03837   -1.10245   -1.16724   -1.23302   -1.29989   -1.36775   -1.43623   -1.50483   -1.57300   -1.64020   -1.70600   
0.42130   0.43171   0.44078   0.44819   0.45353   0.45596   0.45492   0.44969   0.43976   0.42542   0.40713   0.38515   0.35969   0.33091   0.29890   0.26377   0.22563   0.18460   0.14080   0.09434   0.04534   -0.00608   -0.05983   -0.11579   -0.17386   -0.23391   -0.29581   -0.35941   -0.42453   -0.49100   -0.55862   -0.62717   -0.69645   -0.76625   -0.83638   -0.90664   -0.97692   -1.04714   -1.11739   -1.18786   -1.25892   -1.33099   -1.40431   -1.47895   -1.55466   -1.63094   -1.70721   -1.78282   -1.85722   -1.92994   
0.40370   0.41571   0.42657   0.43604   0.44363   0.44862   0.44993   0.44680   0.43831   0.42446   0.40585   0.38286   0.35577   0.32480   0.29009   0.25180   0.21007   0.16505   0.11689   0.06573   0.01171   -0.04506   -0.10444   -0.16631   -0.23053   -0.29696   -0.36543   -0.43576   -0.50774   -0.58117   -0.65582   -0.73145   -0.80782   -0.88470   -0.96187   -1.03915   -1.11641   -1.19365   -1.27100   -1.34875   -1.42740   -1.50738   -1.58891   -1.67195   -1.75611   -1.84076   -1.92523   -2.00882   -2.09093   -2.17106   
0.38437   0.39810   0.41068   0.42202   0.43178   0.43922   0.44305   0.44211   0.43525   0.42213   0.40328   0.37928   0.35050   0.31722   0.27965   0.23799   0.19243   0.14316   0.09035   0.03416   -0.02525   -0.08773   -0.15314   -0.22133   -0.29212   -0.36536   -0.44084   -0.51834   -0.59763   -0.67848   -0.76061   -0.84376   -0.92765   -1.01204   -1.09669   -1.18143   -1.26615   -1.35089   -1.43587   -1.52151   -1.60838   -1.69694   -1.78734   -1.87943   -1.97264   -2.06626   -2.15951   -2.25162   -2.34196   -2.43006   
0.36355   0.37903   0.39341   0.40653   0.41825   0.42795   0.43434   0.43561   0.43062   0.41839   0.39942   0.37441   0.34386   0.30815   0.26754   0.22230   0.17266   0.11886   0.06108   -0.00047   -0.06563   -0.13421   -0.20606   -0.28098   -0.35879   -0.43928   -0.52222   -0.60735   -0.69441   -0.78313   -0.87321   -0.96433   -1.05621   -1.14856   -1.24115   -1.33382   -1.42648   -1.51925   -1.61242   -1.70658   -1.80235   -1.90016   -2.00013   -2.10192   -2.20482   -2.30802   -2.41064   -2.51185   -2.61098   -2.70762   
0.34133   0.35874   0.37493   0.38987   0.40336   0.41505   0.42381   0.42748   0.42441   0.41324   0.39424   0.36822   0.33584   0.29755   0.25373   0.20468   0.15072   0.09209   0.02903   -0.03825   -0.10953   -0.18462   -0.26332   -0.34541   -0.43069   -0.51889   -0.60975   -0.70298   -0.79830   -0.89537   -0.99387   -1.09344   -1.19377   -1.29455   -1.39557   -1.49666   -1.59778   -1.69912   -1.80110   -1.90442   -2.00978   -2.11757   -2.22781   -2.33997   -2.45321   -2.56663   -2.67923   -2.79013   -2.89864   -3.00443   
0.31763   0.33725   0.35545   0.37218   0.38738   0.40073   0.41157   0.41772   0.41658   0.40664   0.38772   0.36070   0.32640   0.28541   0.23817   0.18510   0.12653   0.06277   -0.00591   -0.07926   -0.15706   -0.23907   -0.32506   -0.41478   -0.50797   -0.60435   -0.70362   -0.80545   -0.90950   -1.01542   -1.12283   -1.23134   -1.34061   -1.45032   -1.56026   -1.67029   -1.78042   -1.89090   -2.00232   -2.11550   -2.23116   -2.34967   -2.47089   -2.59411   -2.71838   -2.84266   -2.96588   -3.08709   -3.20561   -3.32119   


#  Thrust coefficient

0.03954   0.03941   0.03927   0.03912   0.03897   0.03881   0.03865   0.03849   0.03831   0.03814   0.03796   0.03777   0.03758   0.03739   0.03719   0.03699   0.03678   0.03657   0.03635   0.03613   0.03591   0.03568   0.03545   0.03522   0.03498   0.03474   0.03449   0.03425   0.03400   0.03374   0.03349   0.03323   0.03297   0.03271   0.03244   0.03218   0.03191   0.03164   0.03137   0.03109   0.03082   0.03054   0.03027   0.02999   0.02972   0.02944   0.02916   0.02889   0.02861   0.02833   
0.04409   0.04391   0.04374   0.04355   0.04337   0.04318   0.04299   0.04280   0.04260   0.04241   0.04221   0.04200   0.04180   0.04160   0.04139   0.04119   0.04098   0.04077   0.04057   0.04036   0.04015   0.03995   0.03974   0.03954   0.03934   0.03914   0.03894   0.03874   0.03855   0.03836   0.03817   0.03798   0.03780   0.03762   0.03745   0.03728   0.03711   0.03694   0.03679   0.03663   0.03648   0.03633   0.03619   0.03606   0.03592   0.03580   0.03567   0.03556   0.03544   0.03533   
0.05386   0.05374   0.05363   0.05352   0.05342   0.05331   0.05321   0.05312   0.05303   0.05295   0.05287   0.05279   0.05272   0.05266   0.05260   0.05255   0.05251   0.05247   0.05244   0.05241   0.05239   0.05238   0.05237   0.05237   0.05238   0.05239   0.05240   0.05242   0.05245   0.05248   0.05251   0.05254   0.05258   0.05261   0.05265   0.05269   0.05272   0.05275   0.05277   0.05279   0.05280   0.05281   0.05280   0.05278   0.05275   0.05271   0.05265   0.05257   0.05247   0.05236   
0.07140   0.07151   0.07164   0.07178   0.07193   0.07208   0.07225   0.07243   0.07262   0.07282   0.07303   0.07324   0.07346   0.07369   0.07392   0.07415   0.07439   0.07463   0.07486   0.07510   0.07532   0.07554   0.07576   0.07596   0.07614   0.07632   0.07647   0.07660   0.07671   0.07679   0.07684   0.07686   0.07685   0.07680   0.07671   0.07658   0.07640   0.07617   0.07589   0.07557   0.07518   0.07474   0.07425   0.07369   0.07307   0.07239   0.07164   0.07083   0.06995   0.06901   
0.09867   0.09917   0.09967   0.10018   0.10070   0.10122   0.10174   0.10226   0.10277   0.10328   0.10377   0.10425   0.10471   0.10515   0.10556   0.10594   0.10628   0.10658   0.10684   0.10705   0.10720   0.10730   0.10733   0.10730   0.10720   0.10702   0.10676   0.10641   0.10598   0.10546   0.10485   0.10414   0.10334   0.10243   0.10143   0.10032   0.09911   0.09780   0.09638   0.09486   0.09324   0.09151   0.08969   0.08777   0.08575   0.08364   0.08144   0.07916   0.07679   0.07434   
0.13632   0.13720   0.13805   0.13888   0.13968   0.14044   0.14116   0.14183   0.14244   0.14299   0.14347   0.14387   0.14419   0.14442   0.14454   0.14456   0.14447   0.14426   0.14393   0.14346   0.14286   0.14213   0.14125   0.14022   0.13905   0.13773   0.13625   0.13462   0.13284   0.13091   0.12883   0.12660   0.12422   0.12170   0.11904   0.11624   0.11332   0.11027   0.10710   0.10381   0.10042   0.09693   0.09334   0.08967   0.08592   0.08209   0.07820   0.07424   0.07023   0.06617   
0.18355   0.18456   0.18550   0.18633   0.18706   0.18767   0.18815   0.18849   0.18869   0.18873   0.18860   0.18830   0.18781   0.18713   0.18626   0.18518   0.18390   0.18240   0.18070   0.17878   0.17664   0.17429   0.17174   0.16897   0.16599   0.16282   0.15945   0.15589   0.15216   0.14824   0.14417   0.13993   0.13555   0.13104   0.12639   0.12162   0.11675   0.11177   0.10670   0.10154   0.09631   0.09100   0.08564   0.08023   0.07477   0.06927   0.06373   0.05818   0.05260   0.04701   
0.23834   0.23903   0.23953   0.23981   0.23988   0.23972   0.23931   0.23864   0.23771   0.23650   0.23502   0.23325   0.23119   0.22885   0.22622   0.22331   0.22011   0.21663   0.21288   0.20887   0.20460   0.20008   0.19533   0.19036   0.18517   0.17979   0.17422   0.16847   0.16257   0.15651   0.15031   0.14398   0.13754   0.13099   0.12434   0.11761   0.11080   0.10392   0.09698   0.09000   0.08297   0.07590   0.06881   0.06169   0.05456   0.04742   0.04027   0.03312   0.02599   0.01886   
0.29796   0.29767   0.29705   0.29608   0.29476   0.29307   0.29101   0.28858   0.28578   0.28261   0.27907   0.27516   0.27089   0.26628   0.26134   0.25607   0.25050   0.24463   0.23849   0.23209   0.22545   0.21857   0.21148   0.20419   0.19672   0.18908   0.18128   0.17333   0.16526   0.15706   0.14876   0.14036   0.13188   0.12333   0.11471   0.10603   0.09730   0.08853   0.07972   0.07089   0.06204   0.05317   0.04430   0.03542   0.02655   0.01769   0.00886   0.00005   -0.00873   -0.01745   
0.35935   0.35733   0.35484   0.35188   0.34845   0.34456   0.34021   0.33541   0.33018   0.32453   0.31848   0.31204   0.30524   0.29809   0.29062   0.28284   0.27478   0.26644   0.25785   0.24903   0.23999   0.23075   0.22133   0.21174   0.20200   0.19211   0.18210   0.17198   0.16175   0.15143   0.14102   0.13054   0.12000   0.10939   0.09874   0.08805   0.07732   0.06657   0.05579   0.04501   0.03423   0.02344   0.01267   0.00192   -0.00880   -0.01948   -0.03012   -0.04070   -0.05119   -0.06159   
0.41952   0.41512   0.41017   0.40468   0.39867   0.39216   0.38517   0.37772   0.36985   0.36156   0.35288   0.34384   0.33446   0.32476   0.31475   0.30446   0.29391   0.28313   0.27212   0.26090   0.24950   0.23792   0.22618   0.21430   0.20228   0.19014   0.17789   0.16553   0.15309   0.14056   0.12795   0.11529   0.10256   0.08979   0.07698   0.06415   0.05129   0.03841   0.02554   0.01267   -0.00019   -0.01303   -0.02584   -0.03859   -0.05129   -0.06391   -0.07643   -0.08882   -0.10106   -0.11311   
0.47639   0.46929   0.46163   0.45343   0.44471   0.43551   0.42585   0.41575   0.40524   0.39434   0.38307   0.37146   0.35954   0.34731   0.33481   0.32206   0.30906   0.29584   0.28242   0.26880   0.25501   0.24106   0.22695   0.21270   0.19833   0.18383   0.16923   0.15452   0.13973   0.12486   0.10992   0.09493   0.07988   0.06479   0.04968   0.03454   0.01939   0.00425   -0.01089   -0.02600   -0.04108   -0.05611   -0.07106   -0.08593   -0.10067   -0.11526   -0.12966   -0.14384   -0.15774   -0.17132   
0.52940   0.51962   0.50930   0.49845   0.48710   0.47528   0.46302   0.45034   0.43726   0.42381   0.41001   0.39589   0.38146   0.36674   0.35175   0.33652   0.32105   0.30536   0.28947   0.27338   0.25712   0.24068   0.22409   0.20736   0.19050   0.17351   0.15641   0.13921   0.12192   0.10455   0.08712   0.06963   0.05209   0.03453   0.01694   -0.00065   -0.01824   -0.03582   -0.05336   -0.07084   -0.08825   -0.10556   -0.12274   -0.13974   -0.15652   -0.17305   -0.18926   -0.20510   -0.22051   -0.23544   
0.57897   0.56668   0.55384   0.54048   0.52662   0.51229   0.49752   0.48233   0.46675   0.45079   0.43448   0.41785   0.40090   0.38366   0.36615   0.34838   0.33036   0.31211   0.29364   0.27497   0.25610   0.23706   0.21784   0.19847   0.17896   0.15933   0.13957   0.11971   0.09976   0.07973   0.05964   0.03950   0.01932   -0.00089   -0.02110   -0.04130   -0.06148   -0.08161   -0.10167   -0.12162   -0.14144   -0.16107   -0.18047   -0.19958   -0.21836   -0.23673   -0.25462   -0.27199   -0.28874   -0.30483   
0.62567   0.61107   0.59590   0.58017   0.56392   0.54718   0.52997   0.51232   0.49426   0.47580   0.45697   0.43780   0.41829   0.39846   0.37834   0.35793   0.33724   0.31631   0.29513   0.27373   0.25212   0.23031   0.20832   0.18616   0.16385   0.14140   0.11883   0.09615   0.07337   0.05052   0.02761   0.00466   -0.01833   -0.04132   -0.06430   -0.08725   -0.11014   -0.13293   -0.15558   -0.17805   -0.20029   -0.22224   -0.24384   -0.26501   -0.28569   -0.30580   -0.32526   -0.34401   -0.36196   -0.37904   
0.66976   0.65315   0.63586   0.61793   0.59942   0.58035   0.56076   0.54068   0.52015   0.49917   0.47778   0.45600   0.43384   0.41133   0.38848   0.36531   0.34184   0.31809   0.29406   0.26979   0.24528   0.22056   0.19563   0.17053   0.14525   0.11983   0.09428   0.06862   0.04287   0.01704   -0.00885   -0.03477   -0.06070   -0.08663   -0.11251   -0.13831   -0.16399   -0.18951   -0.21480   -0.23982   -0.26448   -0.28873   -0.31248   -0.33564   -0.35814   -0.37990   -0.40082   -0.42083   -0.43984   -0.45779   
0.71136   0.69301   0.67389   0.65397   0.63333   0.61203   0.59012   0.56763   0.54460   0.52106   0.49704   0.47257   0.44768   0.42237   0.39668   0.37064   0.34425   0.31754   0.29052   0.26323   0.23568   0.20789   0.17988   0.15167   0.12328   0.09473   0.06605   0.03725   0.00835   -0.02061   -0.04962   -0.07865   -0.10767   -0.13664   -0.16552   -0.19427   -0.22282   -0.25111   -0.27907   -0.30664   -0.33372   -0.36024   -0.38609   -0.41119   -0.43545   -0.45877   -0.48106   -0.50224   -0.52222   -0.54092   
0.75077   0.73073   0.70995   0.68831   0.66574   0.64231   0.61812   0.59323   0.56769   0.54155   0.51484   0.48761   0.45988   0.43168   0.40304   0.37399   0.34456   0.31475   0.28462   0.25416   0.22342   0.19241   0.16115   0.12968   0.09802   0.06619   0.03422   0.00213   -0.03006   -0.06230   -0.09458   -0.12685   -0.15907   -0.19120   -0.22318   -0.25493   -0.28640   -0.31750   -0.34817   -0.37829   -0.40779   -0.43655   -0.46447   -0.49147   -0.51742   -0.54225   -0.56585   -0.58812   -0.60899   -0.62834   
0.78837   0.76661   0.74413   0.72083   0.69655   0.67117   0.64480   0.61754   0.58949   0.56072   0.53127   0.50119   0.47054   0.43935   0.40765   0.37547   0.34286   0.30983   0.27642   0.24266   0.20857   0.17419   0.13955   0.10467   0.06958   0.03431   -0.00110   -0.03664   -0.07225   -0.10792   -0.14360   -0.17924   -0.21478   -0.25015   -0.28529   -0.32013   -0.35457   -0.38853   -0.42191   -0.45460   -0.48650   -0.51750   -0.54748   -0.57633   -0.60395   -0.63024   -0.65510   -0.67841   -0.70007   -0.71998   
0.82437   0.80085   0.77664   0.75163   0.72568   0.69856   0.67014   0.64060   0.61005   0.57862   0.54638   0.51340   0.47974   0.44545   0.41057   0.37515   0.33923   0.30284   0.26602   0.22881   0.19123   0.15333   0.11515   0.07670   0.03804   -0.00082   -0.03982   -0.07895   -0.11815   -0.15738   -0.19658   -0.23569   -0.27464   -0.31335   -0.35174   -0.38971   -0.42718   -0.46403   -0.50016   -0.53544   -0.56975   -0.60298   -0.63500   -0.66570   -0.69497   -0.72270   -0.74877   -0.77305   -0.79545   -0.81582   
0.85919   0.83367   0.80764   0.78088   0.75320   0.72440   0.69414   0.66241   0.62941   0.59532   0.56025   0.52429   0.48754   0.45005   0.41189   0.37310   0.33375   0.29386   0.25349   0.21268   0.17147   0.12991   0.08803   0.04588   0.00348   -0.03911   -0.08186   -0.12473   -0.16765   -0.21057   -0.25341   -0.29611   -0.33856   -0.38069   -0.42239   -0.46358   -0.50413   -0.54392   -0.58283   -0.62071   -0.65745   -0.69291   -0.72698   -0.75953   -0.79044   -0.81958   -0.84682   -0.87203   -0.89508   -0.91584   
0.89330   0.86546   0.83736   0.80875   0.77929   0.74874   0.71676   0.68299   0.64761   0.61086   0.57293   0.53395   0.49402   0.45324   0.41167   0.36940   0.32648   0.28296   0.23890   0.19436   0.14937   0.10400   0.05827   0.01225   -0.03402   -0.08051   -0.12716   -0.17390   -0.22068   -0.26741   -0.31401   -0.36038   -0.40644   -0.45207   -0.49718   -0.54165   -0.58534   -0.62811   -0.66983   -0.71035   -0.74954   -0.78727   -0.82340   -0.85780   -0.89034   -0.92086   -0.94924   -0.97532   -0.99896   -1.02002   
0.92705   0.89660   0.86612   0.83541   0.80407   0.77173   0.73799   0.70235   0.66468   0.62530   0.58448   0.54241   0.49923   0.45506   0.40999   0.36410   0.31749   0.27021   0.22232   0.17390   0.12499   0.07565   0.02593   -0.02411   -0.07443   -0.12496   -0.17564   -0.22640   -0.27716   -0.32782   -0.37828   -0.42844   -0.47820   -0.52744   -0.57603   -0.62384   -0.67073   -0.71653   -0.76110   -0.80430   -0.84598   -0.88601   -0.92422   -0.96048   -0.99464   -1.02653   -1.05601   -1.08291   -1.10707   -1.12837   
0.96067   0.92739   0.89425   0.86112   0.82772   0.79347   0.75793   0.72047   0.68064   0.63867   0.59496   0.54974   0.50323   0.45557   0.40688   0.35728   0.30684   0.25566   0.20381   0.15136   0.09837   0.04492   -0.00895   -0.06316   -0.11767   -0.17239   -0.22726   -0.28217   -0.33703   -0.39174   -0.44618   -0.50024   -0.55379   -0.60672   -0.65888   -0.71011   -0.76025   -0.80914   -0.85663   -0.90255   -0.94677   -0.98912   -1.02944   -1.06757   -1.10334   -1.13658   -1.16713   -1.19480   -1.21942   -1.24088   
0.99441   0.95803   0.92198   0.88617   0.85037   0.81411   0.77665   0.73738   0.69550   0.65101   0.60439   0.55600   0.50608   0.45484   0.40242   0.34897   0.29459   0.23937   0.18341   0.12679   0.06958   0.01185   -0.04632   -0.10487   -0.16371   -0.22277   -0.28196   -0.34115   -0.40024   -0.45912   -0.51765   -0.57571   -0.63317   -0.68988   -0.74569   -0.80041   -0.85388   -0.90592   -0.95638   -1.00509   -1.05188   -1.09659   -1.13904   -1.17904   -1.21643   -1.25101   -1.28259   -1.31098   -1.33601   -1.35756   
1.02840   0.98875   0.94954   0.91076   0.87229   0.83375   0.79432   0.75316   0.70928   0.66235   0.61283   0.56121   0.50782   0.45290   0.39665   0.33923   0.28077   0.22138   0.16117   0.10022   0.03863   -0.02352   -0.08615   -0.14918   -0.21251   -0.27605   -0.33969   -0.40329   -0.46675   -0.52991   -0.59265   -0.65483   -0.71630   -0.77688   -0.83642   -0.89471   -0.95157   -1.00684   -1.06034   -1.11189   -1.16131   -1.20842   -1.25301   -1.29491   -1.33391   -1.36981   -1.40240   -1.43147   -1.45685   -1.47842   
1.06275   1.01966   0.97711   0.93511   0.89366   0.85253   0.81100   0.76781   0.72202   0.67272   0.62032   0.56543   0.50849   0.44981   0.38961   0.32810   0.26543   0.20172   0.13711   0.07169   0.00557   -0.06115   -0.12840   -0.19606   -0.26403   -0.33219   -0.40042   -0.46857   -0.53650   -0.60408   -0.67115   -0.73756   -0.80313   -0.86769   -0.93104   -0.99298   -1.05333   -1.11190   -1.16850   -1.22295   -1.27505   -1.32459   -1.37137   -1.41517   -1.45578   -1.49299   -1.52655   -1.55626   -1.58193   -1.60347   
1.09750   1.05084   1.00478   0.95938   0.91470   0.87066   0.82674   0.78154   0.73375   0.68213   0.62688   0.56870   0.50814   0.44559   0.38134   0.31561   0.24859   0.18043   0.11127   0.04124   -0.02957   -0.10103   -0.17304   -0.24549   -0.31824   -0.39116   -0.46411   -0.53694   -0.60949   -0.68161   -0.75312   -0.82387   -0.89365   -0.96227   -1.02953   -1.09521   -1.15913   -1.22108   -1.28086   -1.33828   -1.39310   -1.44511   -1.49409   -1.53981   -1.58204   -1.62054   -1.65505   -1.68535   -1.71127   -1.73273   
1.13265   1.08233   1.03265   0.98368   0.93555   0.88829   0.84166   0.79437   0.74449   0.69061   0.63254   0.57105   0.50680   0.44029   0.37187   0.30180   0.23030   0.15754   0.08369   0.00887   -0.06677   -0.14312   -0.22005   -0.29743   -0.37510   -0.45293   -0.53074   -0.60838   -0.68568   -0.76246   -0.83854   -0.91373   -0.98783   -1.06062   -1.13188   -1.20140   -1.26897   -1.33438   -1.39742   -1.45785   -1.51545   -1.56998   -1.62119   -1.66885   -1.71269   -1.75247   -1.78790   -1.81875   -1.84487   -1.86621   


# Torque coefficient

0.00156   0.00175   0.00195   0.00214   0.00233   0.00253   0.00272   0.00291   0.00310   0.00329   0.00349   0.00368   0.00387   0.00406   0.00425   0.00444   0.00463   0.00482   0.00500   0.00519   0.00538   0.00557   0.00575   0.00594   0.00612   0.00631   0.00649   0.00667   0.00686   0.00704   0.00722   0.00741   0.00759   0.00777   0.00795   0.00813   0.00832   0.00850   0.00868   0.00887   0.00905   0.00923   0.00942   0.00960   0.00979   0.00998   0.01016   0.01035   0.01054   0.01074   
0.00321   0.00347   0.00372   0.00398   0.00423   0.00449   0.00474   0.00500   0.00525   0.00551   0.00577   0.00603   0.00628   0.00654   0.00680   0.00707   0.00733   0.00759   0.00786   0.00812   0.00839   0.00866   0.00893   0.00920   0.00948   0.00975   0.01003   0.01031   0.01059   0.01088   0.01116   0.01145   0.01174   0.01204   0.01233   0.01263   0.01294   0.01324   0.01355   0.01386   0.01417   0.01449   0.01480   0.01512   0.01545   0.01577   0.01610   0.01643   0.01676   0.01709   
0.00637   0.00675   0.00713   0.00751   0.00789   0.00827   0.00866   0.00905   0.00944   0.00984   0.01024   0.01064   0.01104   0.01145   0.01186   0.01227   0.01268   0.01310   0.01352   0.01394   0.01436   0.01479   0.01522   0.01565   0.01608   0.01652   0.01695   0.01739   0.01783   0.01826   0.01870   0.01913   0.01957   0.02000   0.02042   0.02085   0.02127   0.02168   0.02208   0.02248   0.02287   0.02325   0.02362   0.02397   0.02431   0.02464   0.02495   0.02524   0.02551   0.02576   
0.01143   0.01198   0.01254   0.01310   0.01367   0.01423   0.01480   0.01537   0.01594   0.01652   0.01710   0.01767   0.01825   0.01883   0.01940   0.01998   0.02055   0.02112   0.02169   0.02225   0.02280   0.02335   0.02388   0.02441   0.02493   0.02543   0.02592   0.02640   0.02685   0.02729   0.02770   0.02810   0.02846   0.02881   0.02912   0.02940   0.02965   0.02987   0.03006   0.03020   0.03032   0.03039   0.03042   0.03042   0.03037   0.03028   0.03015   0.02997   0.02976   0.02950   
0.01816   0.01891   0.01966   0.02040   0.02115   0.02189   0.02263   0.02336   0.02409   0.02480   0.02551   0.02621   0.02689   0.02756   0.02821   0.02885   0.02946   0.03005   0.03061   0.03115   0.03166   0.03213   0.03257   0.03297   0.03334   0.03366   0.03394   0.03417   0.03435   0.03449   0.03457   0.03461   0.03459   0.03452   0.03439   0.03421   0.03398   0.03370   0.03336   0.03297   0.03253   0.03204   0.03151   0.03092   0.03029   0.02962   0.02890   0.02815   0.02736   0.02653   
0.02597   0.02687   0.02777   0.02864   0.02950   0.03034   0.03116   0.03196   0.03273   0.03347   0.03417   0.03484   0.03548   0.03607   0.03661   0.03711   0.03755   0.03795   0.03829   0.03856   0.03878   0.03894   0.03903   0.03905   0.03901   0.03890   0.03872   0.03848   0.03817   0.03780   0.03736   0.03686   0.03630   0.03568   0.03501   0.03428   0.03350   0.03268   0.03180   0.03089   0.02993   0.02893   0.02790   0.02684   0.02574   0.02461   0.02345   0.02227   0.02106   0.01983   
0.03412   0.03508   0.03602   0.03691   0.03776   0.03857   0.03933   0.04004   0.04069   0.04128   0.04181   0.04227   0.04266   0.04298   0.04322   0.04338   0.04346   0.04347   0.04339   0.04323   0.04298   0.04266   0.04225   0.04177   0.04122   0.04059   0.03990   0.03914   0.03831   0.03743   0.03649   0.03550   0.03447   0.03338   0.03226   0.03109   0.02989   0.02866   0.02739   0.02609   0.02475   0.02340   0.02201   0.02060   0.01918   0.01773   0.01626   0.01478   0.01329   0.01178   
0.04183   0.04273   0.04358   0.04435   0.04506   0.04568   0.04623   0.04670   0.04707   0.04736   0.04755   0.04765   0.04766   0.04756   0.04737   0.04709   0.04671   0.04623   0.04567   0.04502   0.04429   0.04348   0.04260   0.04165   0.04064   0.03956   0.03844   0.03726   0.03603   0.03476   0.03345   0.03211   0.03072   0.02930   0.02785   0.02637   0.02485   0.02331   0.02175   0.02016   0.01855   0.01691   0.01527   0.01360   0.01192   0.01023   0.00853   0.00681   0.00509   0.00337   
0.04846   0.04919   0.04982   0.05035   0.05078   0.05111   0.05133   0.05144   0.05144   0.05134   0.05112   0.05079   0.05035   0.04981   0.04917   0.04843   0.04761   0.04670   0.04571   0.04465   0.04351   0.04232   0.04107   0.03976   0.03841   0.03701   0.03557   0.03409   0.03258   0.03103   0.02944   0.02782   0.02616   0.02448   0.02277   0.02103   0.01926   0.01747   0.01566   0.01383   0.01198   0.01011   0.00823   0.00634   0.00443   0.00252   0.00059   -0.00133   -0.00327   -0.00521   
0.05359   0.05404   0.05438   0.05459   0.05468   0.05466   0.05451   0.05423   0.05384   0.05333   0.05271   0.05199   0.05115   0.05023   0.04921   0.04811   0.04694   0.04569   0.04438   0.04301   0.04159   0.04011   0.03859   0.03703   0.03543   0.03379   0.03212   0.03040   0.02865   0.02686   0.02504   0.02319   0.02130   0.01938   0.01743   0.01546   0.01346   0.01144   0.00939   0.00733   0.00525   0.00315   0.00105   -0.00107   -0.00320   -0.00534   -0.00749   -0.00964   -0.01180   -0.01396   
0.05704   0.05719   0.05721   0.05711   0.05687   0.05650   0.05601   0.05540   0.05467   0.05383   0.05289   0.05185   0.05071   0.04949   0.04820   0.04683   0.04540   0.04391   0.04237   0.04078   0.03914   0.03746   0.03574   0.03398   0.03217   0.03033   0.02844   0.02651   0.02454   0.02254   0.02049   0.01841   0.01629   0.01415   0.01197   0.00976   0.00753   0.00528   0.00300   0.00070   -0.00161   -0.00394   -0.00628   -0.00864   -0.01100   -0.01337   -0.01575   -0.01813   -0.02052   -0.02292   
0.05892   0.05881   0.05857   0.05820   0.05770   0.05707   0.05631   0.05544   0.05446   0.05337   0.05219   0.05092   0.04956   0.04813   0.04663   0.04507   0.04346   0.04179   0.04008   0.03831   0.03651   0.03465   0.03275   0.03080   0.02881   0.02676   0.02467   0.02253   0.02035   0.01812   0.01585   0.01355   0.01120   0.00882   0.00641   0.00397   0.00150   -0.00100   -0.00352   -0.00606   -0.00862   -0.01119   -0.01378   -0.01637   -0.01897   -0.02158   -0.02420   -0.02682   -0.02944   -0.03207   
0.05955   0.05927   0.05884   0.05829   0.05759   0.05677   0.05583   0.05478   0.05362   0.05236   0.05100   0.04957   0.04805   0.04647   0.04483   0.04313   0.04137   0.03956   0.03770   0.03579   0.03382   0.03180   0.02972   0.02759   0.02540   0.02315   0.02085   0.01850   0.01610   0.01365   0.01115   0.00861   0.00603   0.00341   0.00075   -0.00194   -0.00466   -0.00740   -0.01018   -0.01297   -0.01578   -0.01860   -0.02144   -0.02428   -0.02712   -0.02997   -0.03282   -0.03568   -0.03855   -0.04142   
0.05926   0.05888   0.05835   0.05768   0.05687   0.05594   0.05487   0.05370   0.05241   0.05103   0.04956   0.04801   0.04639   0.04469   0.04294   0.04112   0.03925   0.03731   0.03532   0.03325   0.03113   0.02894   0.02668   0.02435   0.02196   0.01951   0.01699   0.01442   0.01179   0.00911   0.00637   0.00359   0.00076   -0.00211   -0.00502   -0.00797   -0.01095   -0.01395   -0.01699   -0.02004   -0.02310   -0.02618   -0.02926   -0.03234   -0.03543   -0.03852   -0.04162   -0.04472   -0.04783   -0.05095   
0.05828   0.05789   0.05733   0.05661   0.05575   0.05475   0.05362   0.05237   0.05101   0.04955   0.04801   0.04638   0.04467   0.04289   0.04104   0.03912   0.03714   0.03507   0.03294   0.03072   0.02843   0.02606   0.02362   0.02109   0.01850   0.01583   0.01309   0.01029   0.00743   0.00450   0.00152   -0.00152   -0.00460   -0.00774   -0.01091   -0.01412   -0.01737   -0.02065   -0.02394   -0.02726   -0.03058   -0.03390   -0.03723   -0.04056   -0.04390   -0.04724   -0.05059   -0.05395   -0.05732   -0.06069   
0.05675   0.05642   0.05590   0.05520   0.05434   0.05332   0.05217   0.05089   0.04950   0.04800   0.04640   0.04472   0.04295   0.04110   0.03916   0.03714   0.03504   0.03285   0.03057   0.02820   0.02573   0.02318   0.02054   0.01781   0.01500   0.01211   0.00915   0.00611   0.00300   -0.00018   -0.00342   -0.00672   -0.01007   -0.01348   -0.01693   -0.02042   -0.02394   -0.02748   -0.03105   -0.03462   -0.03820   -0.04178   -0.04536   -0.04894   -0.05253   -0.05613   -0.05975   -0.06338   -0.06703   -0.07067   
0.05475   0.05455   0.05414   0.05352   0.05272   0.05174   0.05061   0.04933   0.04793   0.04642   0.04479   0.04307   0.04124   0.03933   0.03731   0.03519   0.03297   0.03064   0.02821   0.02568   0.02304   0.02029   0.01745   0.01451   0.01148   0.00836   0.00515   0.00186   -0.00150   -0.00494   -0.00845   -0.01202   -0.01566   -0.01934   -0.02308   -0.02684   -0.03064   -0.03446   -0.03829   -0.04213   -0.04596   -0.04980   -0.05364   -0.05748   -0.06134   -0.06522   -0.06912   -0.07305   -0.07698   -0.08091   
0.05238   0.05234   0.05210   0.05163   0.05093   0.05003   0.04895   0.04772   0.04634   0.04482   0.04319   0.04144   0.03957   0.03758   0.03548   0.03326   0.03091   0.02845   0.02586   0.02316   0.02033   0.01739   0.01434   0.01118   0.00792   0.00456   0.00110   -0.00245   -0.00608   -0.00979   -0.01358   -0.01744   -0.02136   -0.02533   -0.02935   -0.03341   -0.03748   -0.04158   -0.04568   -0.04978   -0.05388   -0.05798   -0.06208   -0.06620   -0.07035   -0.07453   -0.07874   -0.08298   -0.08721   -0.09141   
0.04974   0.04989   0.04982   0.04952   0.04899   0.04822   0.04724   0.04607   0.04473   0.04324   0.04160   0.03983   0.03792   0.03587   0.03368   0.03135   0.02888   0.02627   0.02352   0.02064   0.01762   0.01447   0.01120   0.00782   0.00431   0.00070   -0.00301   -0.00683   -0.01074   -0.01474   -0.01882   -0.02297   -0.02718   -0.03145   -0.03576   -0.04010   -0.04446   -0.04884   -0.05321   -0.05759   -0.06196   -0.06633   -0.07072   -0.07513   -0.07959   -0.08409   -0.08863   -0.09319   -0.09773   -0.10222   
0.04692   0.04725   0.04737   0.04726   0.04692   0.04632   0.04547   0.04439   0.04312   0.04166   0.04004   0.03825   0.03630   0.03418   0.03190   0.02946   0.02686   0.02410   0.02118   0.01811   0.01490   0.01154   0.00804   0.00441   0.00066   -0.00321   -0.00720   -0.01129   -0.01549   -0.01978   -0.02416   -0.02861   -0.03312   -0.03769   -0.04230   -0.04693   -0.05159   -0.05624   -0.06090   -0.06555   -0.07020   -0.07486   -0.07955   -0.08429   -0.08908   -0.09393   -0.09881   -0.10369   -0.10855   -0.11333   
0.04399   0.04449   0.04480   0.04488   0.04474   0.04433   0.04365   0.04270   0.04151   0.04011   0.03850   0.03670   0.03470   0.03252   0.03014   0.02759   0.02485   0.02193   0.01884   0.01558   0.01215   0.00857   0.00484   0.00097   -0.00304   -0.00719   -0.01145   -0.01584   -0.02033   -0.02493   -0.02961   -0.03437   -0.03919   -0.04407   -0.04898   -0.05391   -0.05885   -0.06380   -0.06874   -0.07369   -0.07863   -0.08360   -0.08862   -0.09369   -0.09884   -0.10405   -0.10928   -0.11451   -0.11969   -0.12478   
0.04103   0.04167   0.04215   0.04243   0.04249   0.04229   0.04180   0.04100   0.03992   0.03857   0.03699   0.03517   0.03313   0.03087   0.02841   0.02573   0.02285   0.01977   0.01649   0.01303   0.00939   0.00558   0.00161   -0.00252   -0.00681   -0.01123   -0.01579   -0.02047   -0.02527   -0.03018   -0.03518   -0.04025   -0.04539   -0.05057   -0.05579   -0.06103   -0.06628   -0.07152   -0.07676   -0.08200   -0.08726   -0.09256   -0.09792   -0.10336   -0.10888   -0.11446   -0.12007   -0.12564   -0.13116   -0.13657   
0.03809   0.03885   0.03947   0.03994   0.04020   0.04020   0.03991   0.03929   0.03832   0.03705   0.03549   0.03366   0.03158   0.02925   0.02668   0.02388   0.02085   0.01760   0.01413   0.01047   0.00660   0.00256   -0.00167   -0.00607   -0.01063   -0.01535   -0.02021   -0.02520   -0.03032   -0.03554   -0.04086   -0.04626   -0.05172   -0.05722   -0.06275   -0.06831   -0.07386   -0.07941   -0.08496   -0.09051   -0.09610   -0.10175   -0.10748   -0.11331   -0.11922   -0.12519   -0.13117   -0.13712   -0.14297   -0.14871   
0.03519   0.03606   0.03682   0.03744   0.03789   0.03809   0.03800   0.03757   0.03674   0.03554   0.03401   0.03217   0.03005   0.02764   0.02497   0.02203   0.01885   0.01542   0.01176   0.00788   0.00379   -0.00051   -0.00500   -0.00967   -0.01452   -0.01954   -0.02471   -0.03002   -0.03546   -0.04102   -0.04666   -0.05239   -0.05818   -0.06401   -0.06987   -0.07574   -0.08161   -0.08748   -0.09334   -0.09923   -0.10517   -0.11119   -0.11731   -0.12355   -0.12987   -0.13624   -0.14261   -0.14893   -0.15515   -0.16122   
0.03238   0.03334   0.03421   0.03497   0.03558   0.03598   0.03608   0.03583   0.03515   0.03404   0.03255   0.03070   0.02853   0.02605   0.02326   0.02019   0.01685   0.01324   0.00937   0.00527   0.00094   -0.00361   -0.00838   -0.01334   -0.01849   -0.02381   -0.02931   -0.03495   -0.04072   -0.04661   -0.05259   -0.05866   -0.06478   -0.07095   -0.07714   -0.08333   -0.08953   -0.09573   -0.10193   -0.10816   -0.11447   -0.12089   -0.12742   -0.13408   -0.14083   -0.14762   -0.15439   -0.16110   -0.16768   -0.17411   
0.02964   0.03070   0.03167   0.03254   0.03329   0.03387   0.03416   0.03409   0.03356   0.03255   0.03110   0.02925   0.02703   0.02446   0.02156   0.01835   0.01484   0.01104   0.00697   0.00263   -0.00195   -0.00677   -0.01181   -0.01707   -0.02253   -0.02817   -0.03399   -0.03997   -0.04608   -0.05232   -0.05865   -0.06506   -0.07153   -0.07804   -0.08457   -0.09110   -0.09763   -0.10417   -0.11072   -0.11732   -0.12402   -0.13085   -0.13782   -0.14492   -0.15211   -0.15933   -0.16652   -0.17362   -0.18059   -0.18738   
0.02700   0.02814   0.02921   0.03019   0.03106   0.03178   0.03225   0.03235   0.03198   0.03107   0.02966   0.02780   0.02553   0.02288   0.01987   0.01651   0.01282   0.00883   0.00454   -0.00003   -0.00487   -0.00997   -0.01530   -0.02086   -0.02664   -0.03262   -0.03878   -0.04510   -0.05156   -0.05815   -0.06484   -0.07161   -0.07843   -0.08529   -0.09216   -0.09904   -0.10592   -0.11281   -0.11973   -0.12672   -0.13383   -0.14110   -0.14852   -0.15608   -0.16372   -0.17138   -0.17900   -0.18652   -0.19388   -0.20105   
0.02444   0.02569   0.02685   0.02792   0.02888   0.02972   0.03035   0.03061   0.03039   0.02959   0.02823   0.02637   0.02405   0.02131   0.01817   0.01466   0.01079   0.00659   0.00208   -0.00274   -0.00784   -0.01322   -0.01885   -0.02473   -0.03084   -0.03715   -0.04366   -0.05034   -0.05716   -0.06411   -0.07116   -0.07829   -0.08548   -0.09269   -0.09993   -0.10717   -0.11441   -0.12166   -0.12896   -0.13636   -0.14391   -0.15162   -0.15952   -0.16755   -0.17566   -0.18378   -0.19184   -0.19978   -0.20755   -0.21513   
0.02196   0.02332   0.02457   0.02573   0.02678   0.02770   0.02845   0.02888   0.02880   0.02811   0.02680   0.02494   0.02257   0.01973   0.01647   0.01280   0.00875   0.00434   -0.00041   -0.00548   -0.01086   -0.01653   -0.02247   -0.02868   -0.03512   -0.04178   -0.04864   -0.05568   -0.06288   -0.07020   -0.07763   -0.08513   -0.09268   -0.10027   -0.10787   -0.11547   -0.12309   -0.13073   -0.13843   -0.14625   -0.15425   -0.16244   -0.17082   -0.17934   -0.18793   -0.19652   -0.20504   -0.21342   -0.22162   -0.22961   

