1  number of sets, Nset
-----------------
#1 written using the HAWC2 OpenMDAO wrapper
Case ID: wsp_10_00
================================================================================================================================================================================================================================================================================================================================================================================================================================================================================================================================================================================================================================================================================================================================================================================================
          r [0]                   m [1]                 x_cg [2]                y_cg [3]                ri_x [4]                ri_y [5]                pitch [6]                x_e [7]                 y_e [8]                K_11 [9]                K_12 [10]                K_13 [11]                K_14 [12]                K_15 [13]                K_16 [14]                K_22 [15]                K_23 [16]                K_24 [17]                K_25 [18]                K_26 [19]                K_33 [20]                K_34 [21]                K_35 [22]                K_36 [23]                K_44 [24]                K_45 [25]                K_46 [26]                K_55 [27]                K_56 [28]                K_66 [29]        
================================================================================================================================================================================================================================================================================================================================================================================================================================================================================================================================================================================================================================================================================================================================================================================================
$1 20
   0.000000000000000e+00    3.183240211240000e+03    1.416031537990000e-04    2.862930938700000e-05    1.788513538940000e+00    1.781988851730000e+00   -7.456576711680000e+01    2.690625117710000e-05   -3.363971055960000e-06    6.722881817200000e+09    5.565176162360000e+05    0.000000000000000e+00    0.000000000000000e+00    0.000000000000000e+00   -3.134337934880000e+06    6.534995301200000e+09    0.000000000000000e+00    0.000000000000000e+00    0.000000000000000e+00   -1.672700038340000e+03    4.548643537250000e+10   -8.487868636250000e-04   -1.304748383100000e-02    0.000000000000000e+00    1.448623136310000e+11    1.546744257210000e-03    0.000000000000000e+00    1.450738304640000e+11    0.000000000000000e+00    8.434338368910001e+10
   3.514470955673711e+00    2.691873750600000e+03    1.502282204535393e-02   -7.802749055450000e-04    1.785691377960000e+00    1.774551751510000e+00   -6.285062023360000e+01    1.650746730275393e-02   -4.872664370400000e-04    2.651982402480000e+09    1.518053900370000e+09    0.000000000000000e+00    0.000000000000000e+00    0.000000000000000e+00   -8.325138757560000e+09    4.792948937330000e+09    0.000000000000000e+00    0.000000000000000e+00    0.000000000000000e+00    4.238745193100000e+09    3.882986980710000e+10   -1.877299680170000e-02    1.435684982990000e-02    0.000000000000000e+00    1.214778928210000e+11    8.877478539940000e-04    0.000000000000000e+00    1.245070667020000e+11    0.000000000000000e+00    4.689919527710000e+10
   5.857443294956685e+00    2.349328947200000e+03    5.267712359659549e-02   -1.752286426550000e-03    1.752831326300000e+00    1.738712161070000e+00   -5.417223469220000e+01    5.954113934459551e-02   -6.036639598090000e-04    2.780096344360000e+09    1.619131715570000e+09    0.000000000000000e+00    0.000000000000000e+00    0.000000000000000e+00   -6.340953270140000e+09    3.813998740730000e+09    0.000000000000000e+00    0.000000000000000e+00    0.000000000000000e+00    4.610176850180000e+09    3.484450357230000e+10    1.034462088780000e-04    9.587129239460000e-03    0.000000000000000e+00    1.028129933350000e+11   -2.675675600770000e-02    0.000000000000000e+00    1.090233019750000e+11    0.000000000000000e+00    3.855574930420000e+10
   1.171489332519484e+01    1.626924530570000e+03    2.189640422338464e-01    6.275730067380000e-03    1.416371448910000e+00    1.590031422890000e+00   -3.274855166450000e+01    2.637993059538464e-01    3.822445218970000e-03    3.532834106940000e+09    6.316957435390000e+08    0.000000000000000e+00    0.000000000000000e+00    0.000000000000000e+00   -2.869914297460000e+08    2.783144130120000e+09    0.000000000000000e+00    0.000000000000000e+00    0.000000000000000e+00    3.892610833750000e+08    2.762861957320000e+10   -3.350680154920000e-03    2.310537143470000e-03    0.000000000000000e+00    5.509875247520000e+10   -2.026878297330000e-03    0.000000000000000e+00    6.800509574380000e+10    0.000000000000000e+00    2.578320487620000e+10
   1.757235028739203e+01    9.658628613890000e+02    3.154452231986187e-01    2.198040816380000e-02    1.207908870480000e+00    1.464346339620000e+00   -3.530711740930000e+01    5.000682693246187e-01    1.033536417160000e-02    1.955685416170000e+09    6.980083859060000e+08    0.000000000000000e+00    0.000000000000000e+00    0.000000000000000e+00   -2.710552603530000e+08    1.334840826270000e+09    0.000000000000000e+00    0.000000000000000e+00    0.000000000000000e+00    2.791842917050000e+08    2.326947816530000e+10   -6.819080627840000e-04    4.511098423560000e-03    0.000000000000000e+00    2.914753033730000e+10   -2.960633486510000e-03    0.000000000000000e+00    3.944539179220000e+10    0.000000000000000e+00    8.128613792220000e+09
   2.342976207682262e+01    5.823654734220000e+02    4.465895419462860e-01    4.020847932160000e-02    1.339729443130000e+00    1.121146930340000e+00   -5.927939924570000e+01    7.785576296862859e-01    2.194584611350000e-02    6.187274007350000e+08    3.093055707500000e+08    0.000000000000000e+00    0.000000000000000e+00    0.000000000000000e+00   -1.316831004710000e+08    8.515441188789999e+08    0.000000000000000e+00    0.000000000000000e+00    0.000000000000000e+00    8.453351323710000e+06    2.110454162200000e+10   -4.683895709980000e-03    5.645984900610000e-03    0.000000000000000e+00    1.676930335930000e+10   -3.500381950290000e-03    0.000000000000000e+00    2.481001766360000e+10    0.000000000000000e+00    2.397769082340000e+09
   2.928720958138168e+01    4.756533757830000e+02    5.054326072639647e-01    3.696471748520000e-02    1.265559180070000e+00    1.050244310930000e+00   -5.808931394190000e+01    8.855246632049647e-01    1.968799196780000e-02    3.945252335620000e+08    1.647851049110000e+08    0.000000000000000e+00    0.000000000000000e+00    0.000000000000000e+00   -8.150740401540001e+07    4.874963747800000e+08    0.000000000000000e+00    0.000000000000000e+00    0.000000000000000e+00   -1.737115291070000e+06    2.155671836790000e+10   -1.429460630310000e-03   -1.248863339160000e-03    0.000000000000000e+00    1.386783216200000e+10    1.752408221360000e-03    0.000000000000000e+00    1.919446443850000e+10    0.000000000000000e+00    1.056810970240000e+09
   3.514465591294829e+01    4.449949877830000e+02    4.634502312719159e-01    2.597611285450000e-02    1.002267916500000e+00    1.235630500940000e+00   -3.807277498290000e+01    8.722775184999159e-01    1.075651727220000e-02    3.603506167790000e+08    9.054498389040001e+07    0.000000000000000e+00    0.000000000000000e+00    0.000000000000000e+00   -5.951309565690000e+07    2.696651891420000e+08    0.000000000000000e+00    0.000000000000000e+00    0.000000000000000e+00    2.201512882490000e+07    2.275847643530000e+10   -4.471991492680000e-04   -4.622839281310000e-04    0.000000000000000e+00    1.365133695090000e+10    2.104896120730000e-04    0.000000000000000e+00    1.730632855820000e+10    0.000000000000000e+00    6.323154820380000e+08
   4.685946579712721e+01    4.191272602190000e+02    4.314370875874387e-01    1.339858507730000e-02    6.371788163630000e-01    1.282877427110000e+00   -1.509777886850000e+01    8.254338378904387e-01   -1.883114624030000e-04    3.673228640340000e+08    4.051713192380000e+07    0.000000000000000e+00    0.000000000000000e+00    0.000000000000000e+00   -3.431243197530000e+07    1.708234480100000e+08    0.000000000000000e+00    0.000000000000000e+00    0.000000000000000e+00    3.375317473830000e+07    2.339568113720000e+10   -7.675440536520000e-04   -3.237273651820000e-04    0.000000000000000e+00    1.013667022710000e+10   -5.860165692870000e-04    0.000000000000000e+00    1.408341593870000e+10    0.000000000000000e+00    3.983458098480000e+08
   5.271691442245208e+01    3.794548229280000e+02    4.722839595334226e-01    1.089265333440000e-02    5.748475443620000e-01    1.172845013790000e+00   -1.426836163610000e+01    8.252291971384226e-01   -1.261099243610000e-03    3.586772627330000e+08    4.373031836710000e+07    0.000000000000000e+00    0.000000000000000e+00    0.000000000000000e+00   -2.741681575530000e+07    1.482291571960000e+08    0.000000000000000e+00    0.000000000000000e+00    0.000000000000000e+00    2.812895913510000e+07    2.216158237820000e+10   -5.406130376660000e-04   -4.385282381630000e-04    0.000000000000000e+00    7.812483429610000e+09    2.966341562570000e-04    0.000000000000000e+00    1.064362234240000e+10    0.000000000000000e+00    3.033907670770000e+08
   5.857436731915129e+01    3.519528158670000e+02    5.172414730166550e-01    1.168446493070000e-02    5.145441434330000e-01    1.036806905640000e+00   -1.416970035490000e+01    8.162256063418550e-01    1.707678759460000e-03    3.695099202640000e+08    5.443817156210000e+07    0.000000000000000e+00    0.000000000000000e+00    0.000000000000000e+00   -2.168252486290000e+07    1.293943361780000e+08    0.000000000000000e+00    0.000000000000000e+00    0.000000000000000e+00    2.113330931960000e+07    2.160460515920000e+10   -6.149024591940000e-04    3.006907267540000e-04    0.000000000000000e+00    5.959936894780000e+09    2.474159700800000e-04    0.000000000000000e+00    7.675585206280000e+09    0.000000000000000e+00    2.277270494020000e+08
   6.443180974508849e+01    3.267178743510000e+02    5.330856151018357e-01    1.512065737870000e-02    4.375736385460000e-01    9.230940871340000e-01   -1.022451574310000e+01    7.840105411243358e-01    7.337781830750000e-03    3.962732051820000e+08    4.710896456860000e+07    0.000000000000000e+00    0.000000000000000e+00    0.000000000000000e+00   -1.622056051960000e+07    1.054494597370000e+08    0.000000000000000e+00    0.000000000000000e+00    0.000000000000000e+00    1.743875893720000e+07    2.093893076480000e+10    4.429423900950000e-04    4.029728097640000e-04    0.000000000000000e+00    4.426790306760000e+09    2.027887385340000e-04    0.000000000000000e+00    5.596290706180000e+09    0.000000000000000e+00    1.685492429120000e+08
   7.028921095488587e+01    2.984580372740000e+02    5.311452417911267e-01    2.095139904680000e-02    3.697009902410000e-01    8.061065425440000e-01   -4.025075604420000e+00    7.193201794169267e-01    1.593296348250000e-02    4.119428870760000e+08    1.791455548470000e+07    2.810138131150000e+08    1.221564139430000e+06   -7.477109855740000e+06   -1.116764178000000e+07    8.234663958160000e+07    1.664652804710000e+07   -7.349092090580000e+06   -1.197565523520000e+06    1.671886614820000e+07    1.572137702880000e+10    3.951103074090000e+05   -5.150944895050000e+06   -6.596733191930000e+06    2.480391605840000e+09    3.938504960390000e-06   -5.230907028600000e+07    3.701830514380000e+09   -4.103703326040000e+06    1.259382699100000e+08
   7.614666960950110e+01    2.702233826990000e+02    5.133240555855083e-01    2.541955369130000e-02    3.208866283660000e-01    7.002378422820000e-01   -1.334777383080000e+00    6.643496388130083e-01    2.188203780030000e-02    4.757778548540000e+08    5.061958557570000e+06    3.912003954660000e+08    4.916391955400000e+05   -6.185892973020000e+06   -8.533091989340000e+06    6.554123753530000e+07    5.148276909790000e+06   -6.301231277140000e+06   -2.428593831830000e+05    1.320875767240000e+07    1.479015124900000e+10    3.499750075350000e+05   -5.088247982580000e+06   -6.907215345330000e+06    1.725186926620000e+09   -1.242058751810000e-04   -4.059479975840000e+07    2.611493244730000e+09   -5.675091059010000e+05    9.102193881140000e+07
   8.200411402613391e+01    2.410052966710000e+02    4.679125876339701e-01    3.095682491890000e-02    2.758267822180000e-01    6.227418358880000e-01    9.629713731600000e-01    5.931257754090701e-01    2.908122870040000e-02    5.230004253670000e+08   -1.134250561300000e+07    4.884710891960000e+08    3.452856462620000e+05   -5.334276737540000e+06   -6.947677916530000e+06    5.388848433890000e+07   -1.274317617570000e+07   -5.255006170130000e+06    4.100150423500000e+05    1.079829167490000e+07    1.359095194220000e+10    6.751374721810000e+05   -5.000270412850000e+06   -7.211496834930000e+06    1.143514831800000e+09   -4.572435864250000e-05   -3.153027218180000e+07    1.964928838360000e+09    1.494720020100000e+06    6.555179958340000e+07
   9.371889982280108e+01    1.696117771590000e+02    3.473156048777035e-01    3.798937634840000e-02    1.999841384400000e-01    5.161753707359999e-01    1.676089682360000e+00    4.406411622914035e-01    3.842121474690000e-02    5.423932673310000e+08   -2.055329197230000e+07    5.972119146630000e+08    9.489707667400000e+05   -4.548936578780000e+06   -5.743599353060000e+06    3.386095735810000e+07   -2.683977134480000e+07   -4.031972727470000e+06    8.625008098080000e+05    7.241369191100000e+06    9.878498723020000e+09    1.832338150200000e+06   -5.126245401080000e+06   -7.746190971500000e+06    4.205856831740000e+08   -1.021592015600000e-05   -1.753949245300000e+07    1.096036751950000e+09    1.973165291750000e+06    3.314366463370000e+07
   9.957635290493438e+01    1.223858870230000e+02    2.949474093306835e-01    3.961056279200000e-02    1.706851445080000e-01    4.382332582880000e-01    1.458141861510000e+00    3.718017873158835e-01    4.033381592530000e-02    4.891455745900000e+08   -2.002505551910000e+07    6.324258238620000e+08    1.656156650280000e+06   -2.079332015500000e+06   -4.845368292960000e+06    2.198112381460000e+07   -2.952117596300000e+07   -3.219362350970000e+06    7.152321230150000e+05    6.135394357750000e+06    7.680209254400000e+09    2.982482337940000e+06   -2.832240191080000e+06   -7.735117856810000e+06    2.257931110590000e+08   -6.340399795589999e-05   -9.519287986560000e+06    6.290621223470000e+08    1.222101262720000e+06    1.467347242640000e+07
   1.054337825303538e+02    8.243980351250001e+01    2.409182493304655e-01    3.895061802540000e-02    1.421238916390000e-01    3.841907552980000e-01    5.106117229370000e-01    3.007009903537655e-01    3.994136270390000e-02    3.604891180940000e+08   -1.161455142620000e+07    5.092205372300000e+08    1.406579180910000e+06   -9.004341694630000e+05   -3.237630234040000e+06    1.483182014950000e+07   -1.922450680100000e+07   -2.004841154630000e+06    5.325072586740000e+05    3.356567062090000e+06    5.422390381400000e+09    2.644960895310000e+06   -1.403473599700000e+06   -5.595167411490000e+06    1.078430406200000e+08   -1.794561768520000e-05   -5.987871252040000e+06    3.809030749260000e+08    7.907741366429999e+05    8.534532838630000e+06
   1.112912238805250e+02    4.701861084600000e+01    1.589188927539496e-01    3.571837746870000e-02    1.146542393810000e-01    3.641208464970000e-01    3.973423501320000e-02    2.233912689938496e-01    3.729901835510000e-02    2.017989784000000e+08   -4.691120827230000e+06    2.668007597080000e+08    7.262787440759999e+05   -8.048262425009999e+05   -1.906080623270000e+06    9.919680380430000e+06   -8.307613942190000e+06   -1.231731523690000e+06    4.534616383850000e+05    2.135194077920000e+06    2.773415735630000e+09    1.427071648540000e+06   -1.185091738990000e+06   -3.270220961250000e+06    3.797966128160000e+07    9.472556989460000e-06   -3.278438848110000e+06    1.777165642480000e+08    5.053977244390000e+05    4.869331825070000e+06
   1.171486677474912e+02    1.434624654940000e+01    1.731070237401350e-02    2.818339910590000e-02    8.276183350530000e-02    3.770506357560000e-01   -4.930035597470000e-02    8.578637192311349e-02    3.054778002460000e-02    4.645790150800000e+07   -5.538475284520000e+05    1.773921600850000e+07    1.433110477530000e+05   -9.054122349179999e+05   -1.008928215430000e+06    1.912017022300000e+05   -2.339993655090000e+05   -3.775068823440000e+04    2.070159113600000e+04    1.880039886700000e+05    3.067266037920000e+08    6.105479034270000e+04   -3.472472057110000e+05   -4.062876739060000e+05    2.515405241070000e+06    5.935657592060000e-05   -3.353004223140000e+04    3.009384913350000e+07    2.845438501110000e+04    1.905318191470000e+05
