1  number of sets, Nset
-----------------
#1 written using the HAWC2 OpenMDAO wrapper
Case ID: wsp_10_00
================================================================================================================================================================================================================================================================================================================================================================================================================================================================================================
          r [0]                   m [1]                 x_cg [2]                y_cg [3]                ri_x [4]                ri_y [5]                x_sh [6]                y_sh [7]                  E [8]                   G [9]                  I_x [10]                 I_y [11]                  K [12]                  k_x [13]                 k_y [14]                  A [15]                 pitch [16]                x_e [17]                 y_e [18]        
================================================================================================================================================================================================================================================================================================================================================================================================================================================================================================
$1 20
   0.000000000000000e+00    3.176574701600000e+03    4.665037473536499e-03   -1.296362683390000e-04    1.787300263450000e+00    1.784061597530000e+00    2.228570285013650e-02   -3.026914735200000e-04    1.887716300730000e+10    3.914265789970000e+09    7.661636785820000e+00    7.684242781580000e+00    2.145929770600000e+01    6.958580808410000e-01    7.047821506410000e-01    2.406348192360000e+00   -8.323017478830000e+01    2.775110786036501e-03   -6.439480526500001e-05
   3.514469359062449e+00    2.692458927050000e+03    1.457538546137209e-02   -1.198435677090000e-04    1.788559918850000e+00    1.779130954030000e+00    2.972431334737209e-02   -4.686534997490000e-04    1.799916387950000e+10    3.698452717080000e+09    6.782331582960000e+00    6.939470357250000e+00    1.911435542880000e+01    7.005531596580000e-01    6.935938298930000e-01    2.156834638160000e+00   -6.387597267320000e+01    1.479400878857208e-02    6.916703860560000e-04
   5.857439082956414e+00    2.350320507650000e+03    4.911432821736558e-02    5.205164231300000e-04    1.755069065140000e+00    1.749850986230000e+00    7.937466313936559e-02    7.242786282760000e-04    1.755813754630000e+10    3.567531886090000e+09    5.899378880790000e+00    6.185396352410000e+00    1.653235015910000e+01    7.106983840630000e-01    6.570747113960000e-01    1.971424943380000e+00   -5.001635108400000e+01    5.513334793736557e-02    2.559467873330000e-03
   1.171488896178258e+01    1.616650278880000e+03    1.949067261372763e-01    1.140936611680000e-02    1.351302310830000e+00    1.643759613340000e+00    4.496661137610032e-01    1.688544775270000e-02    1.534936538850000e+10    2.968963787060000e+09    3.388814553880000e+00    4.376612957250000e+00    8.498574381399999e+00    7.518774510880000e-01    4.693718859330000e-01    1.729855427810000e+00   -2.040678486630000e+01    2.293718369672763e-01    1.051819542850000e-02
   1.757235626329459e+01    9.573710706500000e+02    2.564999118591855e-01    2.273418945110000e-02    1.081586878930000e+00    1.587049659020000e+00    8.896807668391855e-01    3.099599920540000e-02    1.743446264180000e+10    2.599165210710000e+09    1.584877609130000e+00    2.317141293630000e+00    3.080197771760000e+00    7.305236766500000e-01    2.796851720340000e-01    1.241807037200000e+00   -2.130868944730000e+01    4.231849325261854e-01    1.212968824070000e-02
   2.342978459215377e+01    5.876999711480000e+02    3.259286226153659e-01    3.035339859370000e-02    1.037014856480000e+00    1.477807860670000e+00    1.108260371130366e+00    5.259254230610000e-02    2.062748325900000e+10    2.038969252500000e+09    9.014284930610000e-01    1.265707989360000e+00    1.128632418340000e+00    5.193056305990000e-01    2.028286284450000e-01    9.707401991880000e-01   -2.973090838760000e+01    6.605856325493659e-01    1.228306553240000e-02
   2.928722331905181e+01    4.762418134540000e+02    3.675997487057840e-01    2.906637319960000e-02    9.115971717730000e-01    1.475543790260000e+00    1.156463543002784e+00    6.775033402930000e-02    2.444686689220000e+10    1.926678686270000e+09    6.311056944900000e-01    8.764164417290000e-01    5.248548587380000e-01    3.490839187400000e-01    1.670389813150000e-01    8.376611558670000e-01   -2.500413881340000e+01    7.827550106797840e-01    1.114227431750000e-02
   3.514466813770170e+01    4.417820572140000e+02    3.471212883106536e-01    2.507271099350000e-02    7.544604726430000e-01    1.476574799280000e+00    1.127047324644654e+00    7.708396003720000e-02    2.918013482800000e+10    2.061016767910000e+09    4.603097842110000e-01    6.766274349810000e-01    2.908371216990000e-01    2.575134951310000e-01    1.404101301480000e-01    7.404081737610000e-01   -1.643111935590000e+01    7.941137489296536e-01    9.335480598360001e-03
   4.685951663812509e+01    4.094916976680000e+02    3.257007068730022e-01    1.429997261250000e-02    5.646371068650000e-01    1.331811976700000e+00    1.045646476422002e+00    5.566841289700000e-02    3.846360386340000e+10    2.582690955110000e+09    2.310824320400000e-01    3.949230237430000e-01    1.337379586900000e-01    2.328703777420000e-01    1.048521449530000e-01    5.783398000050000e-01   -8.156359670050000e+00    7.473619489240022e-01    8.441044705430000e-04
   5.271690797116216e+01    3.781896617070000e+02    3.654382330605693e-01    1.109460354280000e-02    5.084295944010000e-01    1.225866390930000e+00    1.024177877865569e+00    4.512067888520000e-02    4.249521063990000e+10    2.825316261290000e+09    1.625355227280000e-01    2.794207491090000e-01    9.514032010270000e-02    2.428254984820000e-01    9.423526245199999e-02    5.029589614909999e-01   -6.908807037520000e+00    7.495192134455694e-01   -1.070205781120000e-03
   5.857445100917439e+01    3.427536451100000e+02    4.121020800191195e-01    1.276980227990000e-02    4.534935869900000e-01    1.101593446810000e+00    9.936260112041195e-01    4.026478722200000e-02    4.681115113440000e+10    3.088942743710000e+09    1.096183064230000e-01    1.842703268890000e-01    6.575543612800000e-02    2.642653380520000e-01    8.473670428660000e-02    4.308755718070000e-01   -5.688281004110000e+00    7.459041578801195e-01    2.456150188500000e-03
   6.443182734335917e+01    3.114820952290000e+02    4.446684056879192e-01    1.646528321880000e-02    4.028381528610000e-01    9.829694688280000e-01    9.573794162109192e-01    3.906944182360000e-02    5.161891349650000e+10    3.382250466850000e+09    7.321122395660000e-02    1.209356437850000e-01    4.520843491420000e-02    2.944938081460000e-01    7.560529034669999e-02    3.688750080100000e-01   -4.195754704470000e+00    7.286024611888192e-01    8.309656926279999e-03
   7.028929361352345e+01    2.810631973820000e+02    4.762027087612647e-01    2.140706963710000e-02    3.596269287200000e-01    8.560608665860000e-01    9.208220060502648e-01    3.845234133230000e-02    5.679686840130000e+10    3.701379642870000e+09    4.874158597930000e-02    7.536016865890000e-02    3.098238955900000e-02    3.516852526060000e-01    6.710204933779999e-02    3.141749655380000e-01   -2.746184943860000e+00    7.045427170535647e-01    1.535049017150000e-02
   7.614677463153892e+01    2.511451040340000e+02    4.927864301788398e-01    2.719116491520000e-02    3.211720475700000e-01    7.348954591170000e-01    8.713470128078398e-01    3.827736844700000e-02    6.221343168480000e+10    4.045212113760000e+09    3.200076926130000e-02    4.599695354070000e-02    2.122067992610000e-02    4.577176596140000e-01    6.008403562020000e-02    2.646299629460000e-01   -3.624178974070000e-01    6.690933650993398e-01    2.319645235930000e-02
   8.200422071408573e+01    2.214832715330000e+02    4.647439265205395e-01    3.424360958330000e-02    2.821889346420000e-01    6.620694982910000e-01    8.147169958395395e-01    4.388346483430000e-02    6.725616445290000e+10    4.398162743250000e+09    1.993100044410000e-02    3.199044006680000e-02    1.430221357630000e-02    5.563306879860000e-01    5.388286082130000e-02    2.183270879300000e-01    2.231448143530000e+00    6.126297685203395e-01    3.233177494730000e-02
   9.371900917110938e+01    1.307284006830000e+02    3.327712062331248e-01    3.663311874540000e-02    2.274480152060000e-01    6.318563709190000e-01    7.034575600181248e-01    4.622875533950000e-02    6.699988611260000e+10    4.972288982920000e+09    6.991409760330000e-03    1.694147446190000e-02    7.483160509560000e-03    7.152069913540000e-01    6.389220334829999e-02    1.123228337570000e-01    2.000432893670000e+00    4.746073032525248e-01    3.669515461740000e-02
   9.957644983350554e+01    8.316644873600001e+01    2.633981156392520e-01    3.440236803990000e-02    2.080328517120000e-01    5.882809164250000e-01    5.867334975842520e-01    4.140658006180000e-02    5.598412493310000e+10    4.296072916870000e+09    4.342716197970000e-03    1.067654596350000e-02    5.215387613460000e-03    7.695637145770000e-01    7.553180968870001e-02    8.145499399110000e-02    1.989688412880000e+00    4.062705025610520e-01    3.422760305430000e-02
   1.054338797104711e+02    5.132503237810000e+01    2.072824975625546e-01    3.118376884410000e-02    1.836345667260000e-01    5.461005889690000e-01    4.835420212555546e-01    3.679388910460000e-02    4.900779000860000e+10    3.877946610630000e+09    2.308548537820000e-03    6.455649041780000e-03    3.314982525480000e-03    8.048437246010000e-01    9.170496969460000e-02    5.384748587000000e-02    1.326829210380000e+00    3.367583024393546e-01    3.124967315230000e-02
   1.112913127561064e+02    3.146766695330000e+01    1.143902054145805e-01    2.762637192930000e-02    1.510095815980000e-01    5.350057361560000e-01    3.954078017505805e-01    3.421940977140000e-02    3.348740235620000e+10    3.468987180370000e+09    1.083053281280000e-03    4.546537387690000e-03    2.075197846170000e-03    8.153957162800000e-01    1.137860770300000e-01    3.438598574220000e-02    3.997100608060000e-01    2.414248046541805e-01    2.799371703010000e-02
   1.171487485619447e+02    5.634807430030000e+00    6.923455606491026e-03    6.942581987700000e-03    3.559656364440000e-02    1.469973493970000e-01    1.583257492678910e-01    8.359523722289999e-03    2.401809861020000e+10    3.901694985710000e+09    8.362834175980001e-06    7.953796260079999e-05    1.775977028400000e-05    8.191340398930000e-01    4.739527860080000e-02    5.341861705150000e-03   -3.207730660620000e-01    3.595650796959103e-02    7.097154674700000e-03
