1  number of sets, Nset
-----------------
#1 written using the HAWC2 OpenMDAO wrapper
Case ID: wsp_10_00
================================================================================================================================================================================================================================================================================================================================================================================================================================================================================================================================================================================================================================================================================================================================================================================================
          r [0]                   m [1]                 x_cg [2]                y_cg [3]                ri_x [4]                ri_y [5]                pitch [6]                x_e [7]                 y_e [8]                K_11 [9]                K_12 [10]                K_13 [11]                K_14 [12]                K_15 [13]                K_16 [14]                K_22 [15]                K_23 [16]                K_24 [17]                K_25 [18]                K_26 [19]                K_33 [20]                K_34 [21]                K_35 [22]                K_36 [23]                K_44 [24]                K_45 [25]                K_46 [26]                K_55 [27]                K_56 [28]                K_66 [29]        
================================================================================================================================================================================================================================================================================================================================================================================================================================================================================================================================================================================================================================================================================================================================================================================================
$1 20
   0.000000000000000e+00    3.183250640170000e+03    1.110966370364980e-04    3.190060386040000e-05    1.788515100070000e+00    1.781979888560000e+00   -7.441887088570000e+01    1.669254063649955e-05    5.608258125970000e-06    6.722870550010000e+09    2.707642718820000e+04    0.000000000000000e+00    0.000000000000000e+00    0.000000000000000e+00   -2.557607367100000e+06    6.535434423140000e+09    0.000000000000000e+00    0.000000000000000e+00    0.000000000000000e+00    1.359932798550000e+04    4.548636571590000e+10    3.042167837670000e-03    3.883075202140000e-03    0.000000000000000e+00    1.448629976020000e+11    1.027539372440000e-03    0.000000000000000e+00    1.450714348260000e+11    0.000000000000000e+00    8.434563338060001e+10
   3.514471142195393e+00    2.690747299190000e+03    1.542097084928773e-02    1.125351966410000e-04    1.784614499740000e+00    1.773671833320000e+00   -6.132759718200000e+01    1.695365331038773e-02    4.191244828980000e-04    2.729481974050000e+09    1.571194479730000e+09    0.000000000000000e+00    0.000000000000000e+00    0.000000000000000e+00   -8.204408670820000e+09    4.712127251950000e+09    0.000000000000000e+00    0.000000000000000e+00    0.000000000000000e+00    4.444889891760000e+09    3.878656184610000e+10   -4.861315677010000e-03   -1.543691939220000e-03    0.000000000000000e+00    1.213266489330000e+11   -1.188134774570000e-02    0.000000000000000e+00    1.241165207780000e+11    0.000000000000000e+00    4.683694755540000e+10
   5.857445975222545e+00    2.344485722570000e+03    5.438883936540051e-02    1.170861379630000e-03    1.746487680780000e+00    1.739607737720000e+00   -5.034202156700000e+01    6.094631448340052e-02    2.333612281800000e-03    2.982899621390000e+09    1.668848387640000e+09    0.000000000000000e+00    0.000000000000000e+00    0.000000000000000e+00   -6.017429389450000e+09    3.593125498020000e+09    0.000000000000000e+00    0.000000000000000e+00    0.000000000000000e+00    4.981054934340000e+09    3.460789272450000e+10   -1.112178159520000e-02    2.465011804640000e-03    0.000000000000000e+00    1.021848211740000e+11   -3.774842992420000e-02    0.000000000000000e+00    1.076032411910000e+11    0.000000000000000e+00    3.842067163790000e+10
   1.171489666199421e+01    1.615040872330000e+03    2.027620682280434e-01    1.239496512490000e-02    1.365211776470000e+00    1.624335080410000e+00   -2.360219090290000e+01    2.376670316540433e-01    1.136826988000000e-02    3.678297138420000e+09    4.590022042010000e+08    0.000000000000000e+00    0.000000000000000e+00    0.000000000000000e+00   -2.417358794670000e+08    2.587194460640000e+09    0.000000000000000e+00    0.000000000000000e+00    0.000000000000000e+00    4.606288697740000e+08    2.669179899870000e+10    2.385189766030000e-03   -9.219582372620000e-04    0.000000000000000e+00    5.239118050640000e+10    1.653973013160000e-03    0.000000000000000e+00    6.671513832080000e+10    0.000000000000000e+00    2.527648163650000e+10
   1.757235066758419e+01    9.555090069399999e+02    2.591072122984372e-01    2.260035519630000e-02    1.081202865340000e+00    1.575606589050000e+00   -2.252619049020000e+01    4.322913124774372e-01    1.190821921910000e-02    2.184801131370000e+09    4.677131095250000e+08    0.000000000000000e+00    0.000000000000000e+00    0.000000000000000e+00   -2.328763349390000e+08    1.055444566040000e+09    0.000000000000000e+00    0.000000000000000e+00    0.000000000000000e+00    3.550273603060000e+08    2.177989674100000e+10   -1.887432162850000e-03   -1.642030761080000e-03    0.000000000000000e+00    2.695624957530000e+10   -3.369469195600000e-04    0.000000000000000e+00    4.062817073240000e+10    0.000000000000000e+00    8.023842401090000e+09
   2.342978852967784e+01    5.889802110300000e+02    3.316923465058889e-01    3.035446298800000e-02    1.042324363990000e+00    1.483885062060000e+00   -2.980295885230000e+01    6.740283974478889e-01    1.277758554190000e-02    9.166336498070000e+08    2.424592199580000e+08    0.000000000000000e+00    0.000000000000000e+00    0.000000000000000e+00   -1.460761109560000e+08    5.151919687920000e+08    0.000000000000000e+00    0.000000000000000e+00    0.000000000000000e+00    1.269149335240000e+08    2.000447437830000e+10    9.367242259740000e-04   -9.947967954090000e-04    0.000000000000000e+00    1.873196791220000e+10    4.852917045350000e-04    0.000000000000000e+00    2.647039945770000e+10    0.000000000000000e+00    2.415451459070000e+09
   2.928723333483093e+01    4.765206562280000e+02    3.747363481258739e-01    2.926656424370000e-02    9.019617796240000e-01    1.491978545710000e+00   -2.406768806810000e+01    7.977787664538738e-01    1.134755374410000e-02    5.403455155160000e+08    8.779988180970000e+07    0.000000000000000e+00    0.000000000000000e+00    0.000000000000000e+00   -8.283600776750000e+07    2.941711028060000e+08    0.000000000000000e+00    0.000000000000000e+00    0.000000000000000e+00    7.652211440120000e+07    2.042212761220000e+10    6.926556490110000e-04   -4.128634888390000e-04    0.000000000000000e+00    1.540638383530000e+10    1.127462368460000e-03    0.000000000000000e+00    2.165030024690000e+10    0.000000000000000e+00    1.053321580010000e+09
   3.514468165793449e+01    4.413266324300000e+02    3.495381662558689e-01    2.490070649510000e-02    7.549258125200000e-01    1.475730677180000e+00   -1.652599412030000e+01    7.971972539458689e-01    9.044292900320000e-03    3.914953417720000e+08    2.966149388750000e+07    0.000000000000000e+00    0.000000000000000e+00    0.000000000000000e+00   -5.357122639410000e+07    2.163616941160000e+08    0.000000000000000e+00    0.000000000000000e+00    0.000000000000000e+00    6.016426666130000e+07    2.156770239250000e+10    1.892650698350000e-04    3.208877777470000e-04    0.000000000000000e+00    1.339099431050000e+10    1.367912627760000e-04    0.000000000000000e+00    1.970719500910000e+10    0.000000000000000e+00    6.256469035910000e+08
   4.685955292881396e+01    4.099843899570000e+02    3.255651734867023e-01    1.436206178160000e-02    5.653413933840000e-01    1.333081925920000e+00   -8.164626451609999e+00    7.475627303837024e-01    8.489259920100000e-04    3.480815332080000e+08    1.404053410770000e+07    0.000000000000000e+00    0.000000000000000e+00    0.000000000000000e+00   -2.974121019400000e+07    1.563899060950000e+08    0.000000000000000e+00    0.000000000000000e+00    0.000000000000000e+00    4.402246639470000e+07    2.227200956800000e+10    1.186575202490000e-03    1.506524000170000e-04    0.000000000000000e+00    8.920577227840000e+09   -4.513724707070000e-05    0.000000000000000e+00    1.523988881230000e+10    0.000000000000000e+00    3.619681501990000e+08
   5.271696328672182e+01    3.782673799390000e+02    3.651169946736847e-01    1.113004296060000e-02    5.085855054520000e-01    1.225926975480000e+00   -6.923979572330000e+00    7.492586994206847e-01   -1.080764890700000e-03    3.444787424590000e+08    1.498555832030000e+07    0.000000000000000e+00    0.000000000000000e+00    0.000000000000000e+00   -2.321633107110000e+07    1.344974892410000e+08    0.000000000000000e+00    0.000000000000000e+00    0.000000000000000e+00    3.472941992930000e+07    2.137638598530000e+10   -3.704792111180000e-06    2.449742000290000e-04    0.000000000000000e+00    6.910958921980000e+09    7.410923717540000e-05    0.000000000000000e+00    1.188030726240000e+10    0.000000000000000e+00    2.800552903280000e+08
   5.857441440786416e+01    3.426771344000000e+02    4.120127059460766e-01    1.267732489350000e-02    4.532680285040000e-01    1.101358435370000e+00   -5.681797862390000e+00    7.457042528750766e-01    2.391978651660000e-03    3.508912293880000e+08    1.594565393190000e+07    0.000000000000000e+00    0.000000000000000e+00    0.000000000000000e+00   -1.792955153750000e+07    1.135388974290000e+08    0.000000000000000e+00    0.000000000000000e+00    0.000000000000000e+00    2.656182635610000e+07    2.016554995480000e+10   -2.804601025280000e-04    7.434474255440000e-05    0.000000000000000e+00    5.125586993590000e+09   -6.700254743920000e-06    0.000000000000000e+00    8.619588200610001e+09    0.000000000000000e+00    2.104759691280000e+08
   6.443186692440179e+01    3.114498097430000e+02    4.449702290767391e-01    1.643986702960000e-02    4.028420279870000e-01    9.831297269410000e-01   -4.184929870600000e+00    7.290223027407391e-01    8.263518105210000e-03    3.666694759380000e+08    1.423539460570000e+07    0.000000000000000e+00    0.000000000000000e+00    0.000000000000000e+00   -1.415573210540000e+07    9.497415438440000e+07    0.000000000000000e+00    0.000000000000000e+00    0.000000000000000e+00    2.078532338520000e+07    1.903729062200000e+10   -1.672737102600000e-04    1.363889185010000e-04    0.000000000000000e+00    3.778838227950000e+09   -2.856686187440000e-04    0.000000000000000e+00    6.242941544820000e+09    0.000000000000000e+00    1.582886062500000e+08
   7.028926558957087e+01    2.811109001050000e+02    4.762598310105197e-01    2.140332141700000e-02    3.596969532640000e-01    8.561206907990000e-01   -2.725885227190000e+00    7.046218608002197e-01    1.534396914590000e-02    4.087964617660000e+08    1.124756553190000e+07    0.000000000000000e+00    0.000000000000000e+00    0.000000000000000e+00   -1.121855353390000e+07    7.838764246250001e+07    0.000000000000000e+00    0.000000000000000e+00    0.000000000000000e+00    1.647560308170000e+07    1.784817801130000e+10   -1.280068960520000e-04    1.279171802330000e-04    0.000000000000000e+00    2.770272090000000e+09    1.164467248600000e-04    0.000000000000000e+00    4.281883256540000e+09    0.000000000000000e+00    1.186692258420000e+08
   7.614672529381352e+01    2.512082467030000e+02    4.924213931818250e-01    2.723339555560000e-02    3.210923740360000e-01    7.355456075410000e-01   -3.452146941160000e-01    6.690142873153250e-01    2.324461200640000e-02    4.891103560940000e+08   -1.796159365930000e+06    0.000000000000000e+00    0.000000000000000e+00    0.000000000000000e+00   -8.369065680410000e+06    6.427972012860000e+07    0.000000000000000e+00    0.000000000000000e+00    0.000000000000000e+00    1.303528398550000e+07    1.646396131710000e+10   -2.997752671970000e-04   -2.049563197230000e-04    0.000000000000000e+00    1.990205577300000e+09    2.485519689800000e-04    0.000000000000000e+00    2.868163431010000e+09    0.000000000000000e+00    8.861983217470001e+07
   8.200417436688865e+01    2.214829504830000e+02    4.648865679905118e-01    3.422323134050000e-02    2.821986933020000e-01    6.621668924160000e-01    2.200000419790000e+00    6.128831591623117e-01    3.230274423810000e-02    5.327932598590000e+08   -2.266862411550000e+07    0.000000000000000e+00    0.000000000000000e+00    0.000000000000000e+00   -6.610483815070000e+06    5.278885601230000e+07    0.000000000000000e+00    0.000000000000000e+00    0.000000000000000e+00    1.076993441990000e+07    1.468429076890000e+10   -2.213610031530000e-04    5.801413664790000e-06    0.000000000000000e+00    1.340940097270000e+09    3.416134131840000e-05    0.000000000000000e+00    2.151527647280000e+09    0.000000000000000e+00    6.511253305570000e+07
   9.371896150642021e+01    1.306757221270000e+02    3.330400321225945e-01    3.665852752380000e-02    2.274153431020000e-01    6.319959906710000e-01    1.976942931450000e+00    4.750615433486945e-01    3.669071870090000e-02    3.983005208980000e+08   -1.518047650680000e+07    0.000000000000000e+00    0.000000000000000e+00    0.000000000000000e+00   -4.148371389120000e+06    3.630373859810000e+07    0.000000000000000e+00    0.000000000000000e+00    0.000000000000000e+00    8.344598290060000e+06    7.520364834280000e+09   -1.158394092220000e-04   -4.327758365110000e-05    0.000000000000000e+00    4.681065161950000e+08    2.146422230000000e-05    0.000000000000000e+00    1.134104692990000e+09    0.000000000000000e+00    3.909939306980000e+07
   9.957641635847970e+01    8.316588648370001e+01    2.625537778952524e-01    3.435974553820000e-02    2.079561775270000e-01    5.897938615540000e-01    1.970313468580000e+00    4.065569778250524e-01    3.420870900730000e-02    2.683891202370000e+08   -9.859530184760001e+06    0.000000000000000e+00    0.000000000000000e+00    0.000000000000000e+00   -2.378357295170000e+06    2.437867311920000e+07    0.000000000000000e+00    0.000000000000000e+00    0.000000000000000e+00    8.339369435120000e+06    4.557665874080000e+09    4.315616045130000e-04    1.767200469430000e-04    0.000000000000000e+00    2.430080177800000e+08    3.720077938850000e-05    0.000000000000000e+00    5.984208768160000e+08    0.000000000000000e+00    1.818254519690000e+07
   1.054338482843734e+02    5.137882481390000e+01    2.068226470516445e-01    3.115326675400000e-02    1.835698786590000e-01    5.469895381730000e-01    1.300534296220000e+00    3.370939658503445e-01    3.122662088480000e-02    1.680789346640000e+08   -4.300458775890000e+06    0.000000000000000e+00    0.000000000000000e+00    0.000000000000000e+00   -1.143599314690000e+06    1.771864985720000e+07    0.000000000000000e+00    0.000000000000000e+00    0.000000000000000e+00    4.708179637690000e+06    2.640423186180000e+09   -3.697751148130000e-04   -7.160951698690000e-05    0.000000000000000e+00    1.131853626890000e+08    9.751986272020001e-05    0.000000000000000e+00    3.167399838670000e+08    0.000000000000000e+00    1.100024088310000e+07
   1.112912914444895e+02    3.147526742490000e+01    1.137502903722022e-01    2.760822562020000e-02    1.509554506880000e-01    5.358360071320000e-01    3.904914252180000e-01    2.417970327594022e-01    2.798327203100000e-02    9.717981353870000e+07   -8.055415324360000e+05    0.000000000000000e+00    0.000000000000000e+00    0.000000000000000e+00   -7.009885652080000e+05    1.234901992430000e+07    0.000000000000000e+00    0.000000000000000e+00    0.000000000000000e+00    3.189581835270000e+06    1.150585944060000e+09    7.929452476050000e-05    1.443733383770000e-04    0.000000000000000e+00    3.624802686540000e+07   -1.328584389170000e-05    0.000000000000000e+00    1.520464828590000e+08    0.000000000000000e+00    6.524411859350000e+06
   1.171487370820318e+02    1.889808929080000e+01    2.610244115688490e-02    2.353507784330000e-02    1.197854367440000e-01    4.994581501360000e-01   -2.095939296160000e-01    1.073634446808849e-01    2.411290437190000e-02    5.607399580730000e+07   -1.286777740300000e+05    0.000000000000000e+00    0.000000000000000e+00    0.000000000000000e+00   -5.345246555310000e+05    1.723655095220000e+06    0.000000000000000e+00    0.000000000000000e+00    0.000000000000000e+00    2.164543826150000e+06    3.706300843350000e+08   -1.137922753370000e-04   -2.071734399490000e-04    0.000000000000000e+00    7.082789240560000e+06    1.117501440010000e-05    0.000000000000000e+00    6.301871491700000e+07    0.000000000000000e+00    2.722105984870000e+06
