#1 Tower made by automatic script on 14-Oct-2021
r	m	x_cg	y_cg	ri_x	ri_y	x_sh	y_sh	E	G	I_x	I_y	I_p	k_x	k_y	A	pitch	x_e	y_e
$1 21
0.000	1.9447E+04	0.0000E+00	0.0000E+00	3.5074E+00	3.5074E+00	0.0000E+00	0.0000E+00	2.0000E+11	7.9300E+10	3.0670E+01	3.0670E+01	6.1340E+01	5.1200E-01	5.1200E-01	2.4932E+00	0.0000E+00	0.0000E+00	0.0000E+00
0.010	1.9447E+04	0.0000E+00	0.0000E+00	3.5074E+00	3.5074E+00	0.0000E+00	0.0000E+00	2.0000E+11	7.9300E+10	3.0670E+01	3.0670E+01	6.1340E+01	5.1200E-01	5.1200E-01	2.4932E+00	0.0000E+00	0.0000E+00	0.0000E+00
13.000	1.9447E+04	0.0000E+00	0.0000E+00	3.5074E+00	3.5074E+00	0.0000E+00	0.0000E+00	2.0000E+11	7.9300E+10	3.0670E+01	3.0670E+01	6.1340E+01	5.1200E-01	5.1200E-01	2.4932E+00	0.0000E+00	0.0000E+00	0.0000E+00
13.010	1.9447E+04	0.0000E+00	0.0000E+00	3.5074E+00	3.5074E+00	0.0000E+00	0.0000E+00	2.0000E+11	7.9300E+10	3.0670E+01	3.0670E+01	6.1340E+01	5.1200E-01	5.1200E-01	2.4932E+00	0.0000E+00	0.0000E+00	0.0000E+00
26.000	1.9447E+04	0.0000E+00	0.0000E+00	3.5074E+00	3.5074E+00	0.0000E+00	0.0000E+00	2.0000E+11	7.9300E+10	3.0670E+01	3.0670E+01	6.1340E+01	5.1200E-01	5.1200E-01	2.4932E+00	0.0000E+00	0.0000E+00	0.0000E+00
26.010	1.9447E+04	0.0000E+00	0.0000E+00	3.5074E+00	3.5074E+00	0.0000E+00	0.0000E+00	2.0000E+11	7.9300E+10	3.0670E+01	3.0670E+01	6.1340E+01	5.1200E-01	5.1200E-01	2.4932E+00	0.0000E+00	0.0000E+00	0.0000E+00
39.000	1.9447E+04	0.0000E+00	0.0000E+00	3.5074E+00	3.5074E+00	0.0000E+00	0.0000E+00	2.0000E+11	7.9300E+10	3.0670E+01	3.0670E+01	6.1340E+01	5.1200E-01	5.1200E-01	2.4932E+00	0.0000E+00	0.0000E+00	0.0000E+00
39.010	1.4052E+04	0.0000E+00	0.0000E+00	3.5152E+00	3.5152E+00	0.0000E+00	0.0000E+00	2.0000E+11	7.9300E+10	2.2261E+01	2.2261E+01	4.4521E+01	5.0865E-01	5.0865E-01	1.8015E+00	0.0000E+00	0.0000E+00	0.0000E+00
52.000	1.3993E+04	0.0000E+00	0.0000E+00	3.5153E+00	3.5153E+00	0.0000E+00	0.0000E+00	2.0000E+11	7.9300E+10	2.2169E+01	2.2169E+01	4.4337E+01	5.0862E-01	5.0862E-01	1.7940E+00	0.0000E+00	0.0000E+00	0.0000E+00
52.010	7.1020E+03	0.0000E+00	0.0000E+00	3.5253E+00	3.5253E+00	0.0000E+00	0.0000E+00	2.0000E+11	7.9300E+10	1.1315E+01	1.1315E+01	2.2631E+01	5.0436E-01	5.0436E-01	9.1052E-01	0.0000E+00	0.0000E+00	0.0000E+00
65.000	7.5958E+03	0.0000E+00	0.0000E+00	3.5246E+00	3.5246E+00	0.0000E+00	0.0000E+00	2.0000E+11	7.9300E+10	1.2097E+01	1.2097E+01	2.4194E+01	5.0466E-01	5.0466E-01	9.7381E-01	0.0000E+00	0.0000E+00	0.0000E+00
65.010	4.9268E+03	0.0000E+00	0.0000E+00	3.5284E+00	3.5284E+00	0.0000E+00	0.0000E+00	2.0000E+11	7.9300E+10	7.8638E+00	7.8638E+00	1.5728E+01	5.0302E-01	5.0302E-01	6.3164E-01	0.0000E+00	0.0000E+00	0.0000E+00
78.000	4.9855E+03	0.0000E+00	0.0000E+00	3.5283E+00	3.5283E+00	0.0000E+00	0.0000E+00	2.0000E+11	7.9300E+10	7.9570E+00	7.9570E+00	1.5914E+01	5.0306E-01	5.0306E-01	6.3916E-01	0.0000E+00	0.0000E+00	0.0000E+00
78.010	3.7363E+03	0.0000E+00	0.0000E+00	3.5301E+00	3.5301E+00	0.0000E+00	0.0000E+00	2.0000E+11	7.9300E+10	5.9695E+00	5.9695E+00	1.1939E+01	5.0229E-01	5.0229E-01	4.7902E-01	0.0000E+00	0.0000E+00	0.0000E+00
91.000	3.9939E+03	0.0000E+00	0.0000E+00	3.5298E+00	3.5298E+00	0.0000E+00	0.0000E+00	2.0000E+11	7.9300E+10	6.3796E+00	6.3796E+00	1.2759E+01	5.0245E-01	5.0245E-01	5.1203E-01	0.0000E+00	0.0000E+00	0.0000E+00
91.010	2.2865E+03	0.0000E+00	0.0000E+00	3.5322E+00	3.5322E+00	0.0000E+00	0.0000E+00	2.0000E+11	7.9300E+10	3.6574E+00	3.6574E+00	7.3149E+00	5.0140E-01	5.0140E-01	2.9314E-01	0.0000E+00	0.0000E+00	0.0000E+00
104.000	3.2424E+03	0.0000E+00	0.0000E+00	3.4548E+00	3.4548E+00	0.0000E+00	0.0000E+00	2.0000E+11	7.9300E+10	4.9616E+00	4.9616E+00	9.9233E+00	5.0208E-01	5.0208E-01	4.1569E-01	0.0000E+00	0.0000E+00	0.0000E+00
104.010	9.5873E+02	0.0000E+00	0.0000E+00	3.4582E+00	3.4582E+00	0.0000E+00	0.0000E+00	2.0000E+11	7.9300E+10	1.4699E+00	1.4699E+00	2.9399E+00	5.0061E-01	5.0061E-01	1.2291E-01	0.0000E+00	0.0000E+00	0.0000E+00
117.000	2.0500E+03	0.0000E+00	0.0000E+00	2.4923E+00	2.4923E+00	0.0000E+00	0.0000E+00	2.0000E+11	7.9300E+10	1.6325E+00	1.6325E+00	3.2649E+00	5.0252E-01	5.0252E-01	2.6282E-01	0.0000E+00	0.0000E+00	0.0000E+00
117.010	6.9143E+02	0.0000E+00	0.0000E+00	2.4940E+00	2.4940E+00	0.0000E+00	0.0000E+00	2.0000E+11	7.9300E+10	5.5138E-01	5.5138E-01	1.1028E+00	5.0085E-01	5.0085E-01	8.8645E-02	0.0000E+00	0.0000E+00	0.0000E+00
129.386	1.7460E+03	0.0000E+00	0.0000E+00	2.2942E+00	2.2942E+00	0.0000E+00	0.0000E+00	2.0000E+11	7.9300E+10	1.1782E+00	1.1782E+00	2.3564E+00	5.0253E-01	5.0253E-01	2.2385E-01	0.0000E+00	0.0000E+00	0.0000E+00
