1  number of sets, Nset
#1
            r            m         x_cg         y_cg         ri_x         ri_y         x_sh         y_sh            E            G          I_x          I_y            K          k_x          k_y            A        pitch          x_e          y_e
$1 20
  0.00000e+00  2.02880e+04  0.00000e+00  0.00000e+00  3.50633e+00  3.50633e+00  0.00000e+00  0.00000e+00  3.12000e+11  7.93000e+10  3.17742e+01  3.17742e+01  6.35484e+01  5.00000e-01  5.00000e-01  2.58446e+00  0.00000e+00  0.00000e+00  0.00000e+00
  1.30000e+01  2.02144e+04  0.00000e+00  0.00000e+00  3.49360e+00  3.49360e+00  0.00000e+00  0.00000e+00  3.12000e+11  7.93000e+10  3.14294e+01  3.14294e+01  6.28589e+01  5.00000e-01  5.00000e-01  2.57508e+00  0.00000e+00  0.00000e+00  0.00000e+00
  1.30010e+01  2.02431e+04  0.00000e+00  0.00000e+00  3.49356e+00  3.49356e+00  0.00000e+00  0.00000e+00  3.12000e+11  7.93000e+10  3.14734e+01  3.14734e+01  6.29468e+01  5.00000e-01  5.00000e-01  2.57874e+00  0.00000e+00  0.00000e+00  0.00000e+00
  2.60000e+01  2.02493e+04  0.00000e+00  0.00000e+00  3.49462e+00  3.49462e+00  0.00000e+00  0.00000e+00  3.12000e+11  7.93000e+10  3.15021e+01  3.15021e+01  6.30041e+01  5.00000e-01  5.00000e-01  2.57952e+00  0.00000e+00  0.00000e+00  0.00000e+00
  2.60010e+01  2.01830e+04  0.00000e+00  0.00000e+00  3.49472e+00  3.49472e+00  0.00000e+00  0.00000e+00  3.12000e+11  7.93000e+10  3.14008e+01  3.14008e+01  6.28015e+01  5.00000e-01  5.00000e-01  2.57109e+00  0.00000e+00  0.00000e+00  0.00000e+00
  3.90000e+01  2.01013e+04  0.00000e+00  0.00000e+00  3.48057e+00  3.48057e+00  0.00000e+00  0.00000e+00  3.12000e+11  7.93000e+10  3.10211e+01  3.10211e+01  6.20422e+01  5.00000e-01  5.00000e-01  2.56068e+00  0.00000e+00  0.00000e+00  0.00000e+00
  3.90010e+01  7.29791e+03  0.00000e+00  0.00000e+00  3.49917e+00  3.49917e+00  0.00000e+00  0.00000e+00  3.12000e+11  7.93000e+10  1.13831e+01  1.13831e+01  2.27661e+01  5.00000e-01  5.00000e-01  9.29670e-01  0.00000e+00  0.00000e+00  0.00000e+00
  5.20000e+01  7.00370e+03  0.00000e+00  0.00000e+00  3.35810e+00  3.35810e+00  0.00000e+00  0.00000e+00  3.12000e+11  7.93000e+10  1.00611e+01  1.00611e+01  2.01222e+01  5.00000e-01  5.00000e-01  8.92191e-01  0.00000e+00  0.00000e+00  0.00000e+00
  5.20010e+01  6.52305e+03  0.00000e+00  0.00000e+00  3.35883e+00  3.35883e+00  0.00000e+00  0.00000e+00  3.12000e+11  7.93000e+10  9.37468e+00  9.37468e+00  1.87494e+01  5.00000e-01  5.00000e-01  8.30962e-01  0.00000e+00  0.00000e+00  0.00000e+00
  6.50000e+01  6.26282e+03  0.00000e+00  0.00000e+00  3.22483e+00  3.22483e+00  0.00000e+00  0.00000e+00  3.12000e+11  7.93000e+10  8.29687e+00  8.29687e+00  1.65937e+01  5.00000e-01  5.00000e-01  7.97811e-01  0.00000e+00  0.00000e+00  0.00000e+00
  6.50010e+01  5.75251e+03  0.00000e+00  0.00000e+00  3.22563e+00  3.22563e+00  0.00000e+00  0.00000e+00  3.12000e+11  7.93000e+10  7.62462e+00  7.62462e+00  1.52492e+01  5.00000e-01  5.00000e-01  7.32804e-01  0.00000e+00  0.00000e+00  0.00000e+00
  7.80000e+01  5.62389e+03  0.00000e+00  0.00000e+00  3.15351e+00  3.15351e+00  0.00000e+00  0.00000e+00  3.12000e+11  7.93000e+10  7.12451e+00  7.12451e+00  1.42490e+01  5.00000e-01  5.00000e-01  7.16419e-01  0.00000e+00  0.00000e+00  0.00000e+00
  7.80010e+01  5.02865e+03  0.00000e+00  0.00000e+00  3.15447e+00  3.15447e+00  0.00000e+00  0.00000e+00  3.12000e+11  7.93000e+10  6.37431e+00  6.37431e+00  1.27486e+01  5.00000e-01  5.00000e-01  6.40592e-01  0.00000e+00  0.00000e+00  0.00000e+00
  9.10000e+01  4.91029e+03  0.00000e+00  0.00000e+00  3.08022e+00  3.08022e+00  0.00000e+00  0.00000e+00  3.12000e+11  7.93000e+10  5.93472e+00  5.93472e+00  1.18694e+01  5.00000e-01  5.00000e-01  6.25514e-01  0.00000e+00  0.00000e+00  0.00000e+00
  9.10010e+01  4.35211e+03  0.00000e+00  0.00000e+00  3.08114e+00  3.08114e+00  0.00000e+00  0.00000e+00  3.12000e+11  7.93000e+10  5.26323e+00  5.26323e+00  1.05265e+01  5.00000e-01  5.00000e-01  5.54408e-01  0.00000e+00  0.00000e+00  0.00000e+00
  1.04000e+02  4.18731e+03  0.00000e+00  0.00000e+00  2.96447e+00  2.96447e+00  0.00000e+00  0.00000e+00  3.12000e+11  7.93000e+10  4.68768e+00  4.68768e+00  9.37536e+00  5.00000e-01  5.00000e-01  5.33415e-01  0.00000e+00  0.00000e+00  0.00000e+00
  1.04001e+02  3.79301e+03  0.00000e+00  0.00000e+00  2.96514e+00  2.96514e+00  0.00000e+00  0.00000e+00  3.12000e+11  7.93000e+10  4.24820e+00  4.24820e+00  8.49640e+00  5.00000e-01  5.00000e-01  4.83186e-01  0.00000e+00  0.00000e+00  0.00000e+00
  1.17000e+02  3.30275e+03  0.00000e+00  0.00000e+00  2.58189e+00  2.58189e+00  0.00000e+00  0.00000e+00  3.12000e+11  7.93000e+10  2.80467e+00  2.80467e+00  5.60934e+00  5.00000e-01  5.00000e-01  4.20733e-01  0.00000e+00  0.00000e+00  0.00000e+00
  1.17001e+02  3.81848e+03  0.00000e+00  0.00000e+00  2.58088e+00  2.58088e+00  0.00000e+00  0.00000e+00  3.12000e+11  7.93000e+10  3.24008e+00  3.24008e+00  6.48016e+00  5.00000e-01  5.00000e-01  4.86431e-01  0.00000e+00  0.00000e+00  0.00000e+00
  1.29582e+02  3.38902e+03  0.00000e+00  0.00000e+00  2.29061e+00  2.29061e+00  0.00000e+00  0.00000e+00  3.12000e+11  7.93000e+10  2.26520e+00  2.26520e+00  4.53041e+00  5.00000e-01  5.00000e-01  4.31723e-01  0.00000e+00  0.00000e+00  0.00000e+00
