# ----- Rotor performance tables for the WISDEM tuning wind turbine ----- 
# ------------ Written on Sep-24-21 using the ROSCO toolbox ------------ 

# Pitch angle vector, 50 entries - x axis (matrix columns) (deg)
-5.0   -4.286   -3.571   -2.857   -2.143   -1.429   -0.7143   0.0   0.7143   1.429   2.143   2.857   3.571   4.286   5.0   5.714   6.429   7.143   7.857   8.571   9.286   10.0   10.71   11.43   12.14   12.86   13.57   14.29   15.0   15.71   16.43   17.14   17.86   18.57   19.29   20.0   20.71   21.43   22.14   22.86   23.57   24.29   25.0   25.71   26.43   27.14   27.86   28.57   29.29   30.0   
# TSR vector, 50 entries - y axis (matrix rows) (-)
2.0    2.204    2.408    2.612    2.816    3.02    3.224    3.429    3.633    3.837    4.041    4.245    4.449    4.653    4.857    5.061    5.265    5.469    5.673    5.878    6.082    6.286    6.49    6.694    6.898    7.102    7.306    7.51    7.714    7.918    8.122    8.327    8.531    8.735    8.939    9.143    9.347    9.551    9.755    9.959    10.16    10.37    10.57    10.78    10.98    11.18    11.39    11.59    11.8    12.0    
# Wind speed vector - z axis (m/s)
10.65    

# Power coefficient

0.005263   0.006550   0.007867   0.009218   0.010607   0.012035   0.013504   0.015014   0.016564   0.018154   0.019783   0.021450   0.023153   0.024888   0.026651   0.028437   0.030245   0.032071   0.033918   0.035789   0.037687   0.039616   0.041577   0.043565   0.045571   0.047574   0.049546   0.051450   0.053246   0.054892   0.056351   0.057596   0.058608   0.059379   0.059910   0.060207   0.060279   0.060136   0.059789   0.059246   0.058516   0.057609   0.056533   0.055295   0.053904   0.052366   0.050688   0.048878   0.046946   0.044898   
0.007996   0.009757   0.011569   0.013434   0.015349   0.017313   0.019324   0.021380   0.023478   0.025615   0.027785   0.029983   0.032201   0.034436   0.036688   0.038959   0.041256   0.043588   0.045962   0.048380   0.050837   0.053318   0.055792   0.058217   0.060540   0.062706   0.064660   0.066357   0.067769   0.068878   0.069683   0.070191   0.070414   0.070364   0.070057   0.069504   0.068716   0.067708   0.066490   0.065075   0.063473   0.061694   0.059750   0.057649   0.055402   0.053019   0.050511   0.047884   0.045146   0.042298   
0.012015   0.014382   0.016808   0.019290   0.021823   0.024404   0.027028   0.029688   0.032375   0.035081   0.037799   0.040528   0.043271   0.046040   0.048848   0.051710   0.054634   0.057616   0.060641   0.063671   0.066651   0.069511   0.072177   0.074579   0.076658   0.078377   0.079719   0.080684   0.081283   0.081533   0.081450   0.081053   0.080356   0.079376   0.078131   0.076636   0.074907   0.072961   0.070812   0.068473   0.065958   0.063279   0.060449   0.057478   0.054377   0.051153   0.047810   0.044351   0.040776   0.037090   
0.017560   0.020624   0.023742   0.026909   0.030118   0.033358   0.036618   0.039885   0.043155   0.046430   0.049721   0.053047   0.056431   0.059893   0.063440   0.067062   0.070726   0.074369   0.077907   0.081245   0.084288   0.086955   0.089189   0.090965   0.092276   0.093135   0.093563   0.093580   0.093210   0.092471   0.091385   0.089974   0.088261   0.086269   0.084020   0.081533   0.078827   0.075920   0.072826   0.069561   0.066136   0.062564   0.058854   0.055014   0.051047   0.046952   0.042732   0.038390   0.033929   0.029353   
0.024724   0.028544   0.032404   0.036289   0.040186   0.044079   0.047964   0.051846   0.055743   0.059685   0.063705   0.067830   0.072069   0.076405   0.080786   0.085124   0.089307   0.093210   0.096718   0.099741   0.102222   0.104141   0.105502   0.106327   0.106641   0.106473   0.105847   0.104790   0.103330   0.101497   0.099323   0.096838   0.094071   0.091045   0.087783   0.084306   0.080631   0.076772   0.072744   0.068560   0.064228   0.059757   0.055146   0.050396   0.045508   0.040485   0.035329   0.030045   0.024636   0.019106   
0.033514   0.038119   0.042728   0.047323   0.051895   0.056452   0.061017   0.065631   0.070339   0.075180   0.080169   0.085287   0.090470   0.095607   0.100556   0.105160   0.109280   0.112807   0.115679   0.117874   0.119405   0.120299   0.120588   0.120304   0.119480   0.118150   0.116351   0.114125   0.111512   0.108552   0.105280   0.101727   0.097917   0.093875   0.089618   0.085165   0.080530   0.075727   0.070764   0.065649   0.060381   0.054960   0.049386   0.043661   0.037789   0.031773   0.025615   0.019317   0.012885   0.006336   
0.043858   0.049242   0.054587   0.059898   0.065200   0.070542   0.075983   0.081580   0.087362   0.093317   0.099383   0.105433   0.111294   0.116775   0.121700   0.125934   0.129394   0.132050   0.133914   0.135021   0.135408   0.135113   0.134179   0.132649   0.130572   0.128001   0.124989   0.121586   0.117836   0.113775   0.109434   0.104837   0.100007   0.094964   0.089724   0.084300   0.078702   0.072937   0.067003   0.060901   0.054630   0.048191   0.041587   0.034821   0.027894   0.020807   0.013565   0.006183   -0.001311   -0.008879   
0.055639   0.061799   0.067923   0.074059   0.080280   0.086662   0.093261   0.100088   0.107092   0.114153   0.121075   0.127629   0.133591   0.138784   0.143084   0.146440   0.148857   0.150371   0.151026   0.150869   0.149952   0.148330   0.146066   0.143225   0.139874   0.136077   0.131888   0.127351   0.122503   0.117373   0.111986   0.106365   0.100527   0.094488   0.088257   0.081842   0.075241   0.068455   0.061482   0.054324   0.046981   0.039455   0.031749   0.023861   0.015794   0.007561   -0.000816   -0.009302   -0.017847   -0.026387   
0.068777   0.075798   0.082861   0.090062   0.097490   0.105194   0.113155   0.121281   0.129380   0.137191   0.144435   0.150872   0.156321   0.160683   0.163936   0.166113   0.167264   0.167447   0.166724   0.165162   0.162839   0.159835   0.156232   0.152110   0.147538   0.142572   0.137255   0.131622   0.125705   0.119527   0.113110   0.106469   0.099616   0.092558   0.085298   0.077832   0.070162   0.062286   0.054205   0.045920   0.037432   0.028740   0.019845   0.010755   0.001486   -0.007935   -0.017463   -0.027038   -0.036580   -0.045995   
0.083334   0.091415   0.099692   0.108261   0.117159   0.126339   0.135657   0.144851   0.153593   0.161565   0.168509   0.174245   0.178696   0.181868   0.183816   0.184606   0.184312   0.183016   0.180811   0.177793   0.174062   0.169714   0.164838   0.159506   0.153775   0.147686   0.141277   0.134575   0.127606   0.120388   0.112933   0.105251   0.097345   0.089214   0.080858   0.072276   0.063467   0.054431   0.045169   0.035680   0.025963   0.016022   0.005867   -0.004484   -0.014997   -0.025621   -0.036284   -0.046894   -0.057337   -0.067493   
0.099511   0.108950   0.118743   0.128916   0.139397   0.149988   0.160354   0.170103   0.178879   0.186400   0.192487   0.197078   0.200209   0.201953   0.202399   0.201642   0.199791   0.196962   0.193274   0.188842   0.183775   0.178168   0.172096   0.165615   0.158768   0.151590   0.144110   0.136350   0.128325   0.120047   0.111521   0.102747   0.093727   0.084460   0.074942   0.065174   0.055156   0.044886   0.034362   0.023587   0.012564   0.001305   -0.010170   -0.021824   -0.033601   -0.045419   -0.057168   -0.068716   -0.079926   -0.090662   
0.117597   0.128688   0.140211   0.152076   0.164032   0.175672   0.186539   0.196229   0.204433   0.210959   0.215766   0.218912   0.220498   0.220636   0.219452   0.217083   0.213669   0.209349   0.204253   0.198499   0.192189   0.185401   0.178191   0.170601   0.162667   0.154416   0.145867   0.137034   0.127926   0.118544   0.108891   0.098968   0.088771   0.078300   0.067554   0.056529   0.045223   0.033638   0.021776   0.009640   -0.002759   -0.015398   -0.028242   -0.041229   -0.054267   -0.067231   -0.079973   -0.092335   -0.104162   -0.115305   
0.137836   0.150780   0.164111   0.177536   0.190575   0.202700   0.213450   0.222472   0.229556   0.234674   0.237915   0.239407   0.239295   0.237740   0.234909   0.230965   0.226064   0.220348   0.213947   0.206969   0.199495   0.191581   0.183270   0.174596   0.165584   0.156253   0.146613   0.136672   0.126430   0.115892   0.105056   0.093920   0.082484   0.070743   0.058693   0.046333   0.033664   0.020689   0.007413   -0.006154   -0.019995   -0.034074   -0.048325   -0.062648   -0.076909   -0.090939   -0.104561   -0.117596   -0.129875   -0.141251   
0.160349   0.175226   0.190231   0.204813   0.218361   0.230345   0.240352   0.248141   0.253693   0.257130   0.258614   0.258332   0.256482   0.253262   0.248857   0.243438   0.237159   0.230159   0.222555   0.214430   0.205843   0.196836   0.187444   0.177688   0.167586   0.157148   0.146378   0.135280   0.123854   0.112103   0.100026   0.087618   0.074872   0.061784   0.048354   0.034586   0.020481   0.006045   -0.008719   -0.023795   -0.039146   -0.054707   -0.070379   -0.086014   -0.101430   -0.116425   -0.130797   -0.144352   -0.156921   -0.168385   
0.185135   0.201830   0.218108   0.233267   0.246686   0.257875   0.266547   0.272682   0.276438   0.278024   0.277673   0.275624   0.272106   0.267323   0.261462   0.254687   0.247146   0.238966   0.230235   0.221013   0.211344   0.201261   0.190785   0.179931   0.168709   0.157124   0.145177   0.132872   0.120213   0.107197   0.093815   0.080060   0.065929   0.051423   0.036547   0.021300   0.005684   -0.010298   -0.026632   -0.043285   -0.060198   -0.077272   -0.094356   -0.111251   -0.127735   -0.143578   -0.158559   -0.172480   -0.185203   -0.196638   
0.212030   0.230158   0.247127   0.262204   0.274805   0.284568   0.291463   0.295688   0.297509   0.297211   0.295078   0.291369   0.286309   0.280096   0.272905   0.264894   0.256197   0.246913   0.237105   0.226816   0.216078   0.204913   0.193336   0.181355   0.168973   0.156196   0.143030   0.129476   0.115530   0.101179   0.086418   0.071247   0.055667   0.039679   0.023281   0.006474   -0.010739   -0.028347   -0.046325   -0.064621   -0.083142   -0.101737   -0.120197   -0.138281   -0.155731   -0.172294   -0.187740   -0.201901   -0.214666   -0.225986   
0.240636   0.259617   0.276594   0.290859   0.301957   0.309820   0.314692   0.316905   0.316802   0.314717   0.310942   0.305722   0.299264   0.291753   0.283354   0.274215   0.264443   0.254107   0.243249   0.231904   0.220093   0.207831   0.195124   0.181977   0.168399   0.154396   0.139968   0.125105   0.109799   0.094046   0.077847   0.061200   0.044103   0.026552   0.008549   -0.009902   -0.028793   -0.048109   -0.067808   -0.087806   -0.107960   -0.128058   -0.147842   -0.167029   -0.185331   -0.202482   -0.218272   -0.232565   -0.245288   -0.256445   
0.270382   0.289507   0.305713   0.318419   0.327493   0.333216   0.335999   0.336254   0.334367   0.330670   0.325424   0.318848   0.311131   0.302448   0.292955   0.282775   0.271981   0.260620   0.248727   0.236325   0.223427   0.210038   0.196168   0.181828   0.167023   0.151746   0.135991   0.119755   0.103033   0.085825   0.068125   0.049926   0.031229   0.012034   -0.007653   -0.027830   -0.048488   -0.069598   -0.091089   -0.112833   -0.134623   -0.156191   -0.177231   -0.197424   -0.216460   -0.234080   -0.250111   -0.264454   -0.277079   -0.288070   
0.300558   0.318993   0.333609   0.344169   0.350976   0.354530   0.355326   0.353809   0.350349   0.345233   0.338684   0.330899   0.322054   0.312316   0.301823   0.290659   0.278874   0.266508   0.253583   0.240108   0.226096   0.211560   0.196508   0.180942   0.164854   0.148244   0.131111   0.113452   0.095260   0.076527   0.057247   0.037418   0.017044   -0.003873   -0.025330   -0.047327   -0.069845   -0.092830   -0.116175   -0.139688   -0.163100   -0.186091   -0.208309   -0.229405   -0.249059   -0.267050   -0.283242   -0.297573   -0.310082   -0.320943   
0.330281   0.347127   0.359480   0.367630   0.372179   0.373718   0.372760   0.369720   0.364909   0.358558   0.350863   0.342006   0.332157   0.321466   0.310037   0.297928   0.285179   0.271811   0.257839   0.243277   0.228142   0.212439   0.196165   0.179317   0.161899   0.143914   0.125357   0.106216   0.086481   0.066147   0.045212   0.023679   0.001550   -0.021176   -0.044500   -0.068414   -0.092882   -0.117819   -0.143062   -0.168351   -0.193360   -0.217716   -0.241026   -0.262917   -0.283094   -0.301376   -0.317668   -0.331956   -0.344367   -0.355166   
0.358534   0.372995   0.382773   0.388560   0.391065   0.390876   0.388456   0.384149   0.378191   0.370775   0.362083   0.352284   0.341539   0.329973   0.317658   0.304635   0.290926   0.276551   0.261530   0.245879   0.229597   0.212683   0.195140   0.176976   0.158193   0.138785   0.118739   0.098044   0.076695   0.054689   0.032027   0.008709   -0.015264   -0.039896   -0.065186   -0.091113   -0.117617   -0.144570   -0.171740   -0.198803   -0.225374   -0.251027   -0.275337   -0.297927   -0.318549   -0.337062   -0.353412   -0.367657   -0.380017   -0.390857   
0.384294   0.395948   0.403209   0.406917   0.407727   0.406155   0.402574   0.397232   0.390316   0.381999   0.372447   0.361824   0.350279   0.337900   0.324733   0.310806   0.296144   0.280773   0.264702   0.247931   0.230462   0.212305   0.193468   0.173953   0.153754   0.132859   0.111257   0.088941   0.065908   0.042157   0.017687   -0.007503   -0.033416   -0.060054   -0.087408   -0.115443   -0.144065   -0.173087   -0.202202   -0.231027   -0.259114   -0.285991   -0.311208   -0.334420   -0.355427   -0.374126   -0.390517   -0.404747   -0.417129   -0.428136   
0.406725   0.415660   0.420747   0.422784   0.422312   0.419711   0.415242   0.409083   0.401390   0.392321   0.382039   0.370705   0.358437   0.345285   0.331288   0.316480   0.300885   0.284511   0.267360   0.249441   0.230765   0.211344   0.191177   0.170259   0.148584   0.126139   0.102917   0.078913   0.054124   0.028548   0.002182   -0.024975   -0.052926   -0.081669   -0.111188   -0.141423   -0.172238   -0.203369   -0.234441   -0.265005   -0.294554   -0.322578   -0.348622   -0.372396   -0.393740   -0.412599   -0.429040   -0.443305   -0.455808   -0.467120   
0.425328   0.432022   0.435470   0.436309   0.434966   0.431668   0.426566   0.419795   0.411494   0.401819   0.390937   0.378988   0.366046   0.352160   0.337371   0.321705   0.305168   0.287768   0.269523   0.250445   0.230543   0.209819   0.188272   0.165899   0.142689   0.118633   0.093726   0.067963   0.041339   0.013850   -0.014504   -0.043724   -0.073811   -0.104763   -0.136547   -0.169074   -0.202146   -0.235417   -0.268447   -0.300720   -0.331674   -0.360767   -0.387577   -0.411866   -0.433517   -0.452528   -0.469049   -0.483419   -0.496161   -0.507921   
0.439892   0.445047   0.447483   0.447638   0.445807   0.442119   0.436626   0.429439   0.420699   0.410568   0.399199   0.386703   0.373145   0.358576   0.343020   0.326489   0.309000   0.290575   0.271230   0.250973   0.229808   0.207738   0.184764   0.160880   0.136078   0.110349   0.083687   0.056086   0.027540   -0.001950   -0.032384   -0.063764   -0.096092   -0.129357   -0.163508   -0.198414   -0.233794   -0.269230   -0.304214   -0.338159   -0.370457   -0.400553   -0.428082   -0.452851   -0.474793   -0.493968   -0.510617   -0.525182   -0.538293   -0.550645   
0.450335   0.454774   0.456867   0.456869   0.454930   0.451127   0.445480   0.438080   0.429072   0.418615   0.406858   0.393896   0.379787   0.364560   0.348238   0.330850   0.312421   0.292968   0.272504   0.251035   0.228570   0.205112   0.180662   0.155213   0.128758   0.101288   0.072794   0.043271   0.012718   -0.018863   -0.051473   -0.085116   -0.119790   -0.155475   -0.192094   -0.229455   -0.267190   -0.304811   -0.341736   -0.377314   -0.410894   -0.441942   -0.470154   -0.495382   -0.517613   -0.536979   -0.553821   -0.568689   -0.582302   -0.595396   
0.456583   0.461201   0.463665   0.464045   0.462383   0.458739   0.453183   0.445772   0.436652   0.426004   0.413966   0.400613   0.385983   0.370118   0.353055   0.334829   0.315459   0.294962   0.273353   0.250643   0.226840   0.201950   0.175973   0.148903   0.120730   0.091443   0.061037   0.029510   -0.003137   -0.036902   -0.071788   -0.107799   -0.144930   -0.183143   -0.222326   -0.262209   -0.302340   -0.342159   -0.381008   -0.418176   -0.452983   -0.484948   -0.513817   -0.539496   -0.562029   -0.581630   -0.598745   -0.614035   -0.628287   -0.642275   
0.458422   0.464267   0.467846   0.469152   0.468176   0.465007   0.459769   0.452540   0.443484   0.432788   0.420557   0.406856   0.391747   0.375284   0.357507   0.338446   0.318126   0.296569   0.273792   0.249808   0.224629   0.198262   0.170706   0.141952   0.111988   0.080809   0.048411   0.014795   -0.020036   -0.056082   -0.093348   -0.131836   -0.171534   -0.212383   -0.254223   -0.296688   -0.339252   -0.381278   -0.422031   -0.460745   -0.496736   -0.529590   -0.559103   -0.585236   -0.608096   -0.627991   -0.645473   -0.661309   -0.676341   -0.691375   
0.455647   0.463762   0.469311   0.472134   0.472303   0.469941   0.465254   0.458430   0.449620   0.438984   0.426630   0.412648   0.397116   0.380089   0.361609   0.341714   0.320438   0.297803   0.273832   0.248541   0.221947   0.194055   0.164860   0.134354   0.102528   0.069380   0.034909   -0.000882   -0.037991   -0.076420   -0.116174   -0.157250   -0.199627   -0.243220   -0.287800   -0.332906   -0.377936   -0.422172   -0.464807   -0.505023   -0.542169   -0.575895   -0.606049   -0.632651   -0.655876   -0.676135   -0.694089   -0.710601   -0.726559   -0.742791   
0.449648   0.459639   0.467857   0.472903   0.474706   0.473525   0.469681   0.463478   0.455064   0.444594   0.432210   0.418022   0.402111   0.384542   0.365373   0.344649   0.322406   0.298675   0.273483   0.246853   0.218800   0.189328   0.158433   0.126107   0.092346   0.057151   0.020523   -0.017534   -0.057019   -0.097935   -0.140284   -0.184062   -0.229233   -0.275677   -0.323073   -0.370874   -0.418399   -0.464847   -0.509339   -0.551022   -0.589305   -0.623894   -0.654696   -0.681793   -0.705432   -0.726135   -0.744677   -0.761997   -0.779032   -0.796612   
0.442267   0.453142   0.463426   0.471288   0.475307   0.475749   0.473064   0.467672   0.459813   0.449640   0.437323   0.422990   0.406740   0.388659   0.368815   0.347261   0.324041   0.299195   0.272756   0.244749   0.215190   0.184081   0.151422   0.117208   0.081439   0.044117   0.005244   -0.035173   -0.077135   -0.120644   -0.165701   -0.212297   -0.260378   -0.309773   -0.360060   -0.410608   -0.460654   -0.509312   -0.555635   -0.598760   -0.638168   -0.673622   -0.705091   -0.732714   -0.756830   -0.778069   -0.797318   -0.815585   -0.833849   -0.852926   
0.434529   0.445755   0.456943   0.467161   0.474013   0.476558   0.475364   0.471012   0.463882   0.454137   0.441975   0.427558   0.411017   0.392452   0.371945   0.349560   0.325354   0.299374   0.271658   0.242232   0.211115   0.178313   0.143826   0.107655   0.069801   0.030268   -0.010939   -0.053813   -0.098355   -0.144567   -0.192447   -0.241980   -0.293086   -0.345528   -0.398777   -0.452121   -0.504712   -0.555577   -0.603706   -0.648259   -0.688790   -0.725120   -0.757281   -0.785473   -0.810136   -0.832011   -0.852094   -0.871448   -0.891098   -0.911816   
0.426400   0.438037   0.449598   0.461067   0.470658   0.475844   0.476541   0.473501   0.467269   0.458079   0.446166   0.431738   0.414951   0.395930   0.374771   0.351557   0.326354   0.299217   0.270189   0.239302   0.206576   0.172023   0.135645   0.097444   0.057425   0.015594   -0.028039   -0.073468   -0.120696   -0.169723   -0.220545   -0.273134   -0.327383   -0.382961   -0.439242   -0.495430   -0.550586   -0.603654   -0.653569   -0.699545   -0.741204   -0.778430   -0.811316   -0.840129   -0.865418   -0.888038   -0.909083   -0.929670   -0.950861   -0.973364   
0.417830   0.429988   0.441978   0.453931   0.465359   0.473491   0.476539   0.475108   0.469950   0.461462   0.449904   0.435536   0.418551   0.399100   0.377303   0.353259   0.327047   0.298728   0.268352   0.235960   0.201576   0.165213   0.126875   0.086569   0.044303   0.000087   -0.046067   -0.094154   -0.144177   -0.196134   -0.250017   -0.305786   -0.363290   -0.422092   -0.481474   -0.540549   -0.598291   -0.653557   -0.705246   -0.752647   -0.795447   -0.833596   -0.867247   -0.896742   -0.922743   -0.946224   -0.968364   -0.990334   -1.013220   -1.037646   
0.408796   0.421586   0.434082   0.446452   0.458755   0.469418   0.475255   0.475778   0.471914   0.464281   0.453188   0.438954   0.421820   0.401969   0.379549   0.354674   0.327436   0.297908   0.266150   0.232210   0.196115   0.157879   0.117511   0.075023   0.030427   -0.016263   -0.065036   -0.115886   -0.168816   -0.223820   -0.280888   -0.339961   -0.400829   -0.462942   -0.525490   -0.587498   -0.647844   -0.705302   -0.758761   -0.807597   -0.851560   -0.890666   -0.925128   -0.955373   -0.982180   -1.006644   -1.030014   -1.053520   -1.078254   -1.104733   
0.399278   0.412788   0.425888   0.438758   0.451567   0.463825   0.472558   0.475452   0.473142   0.466525   0.456015   0.441995   0.424763   0.404545   0.381514   0.355804   0.327524   0.296761   0.263586   0.228052   0.190190   0.150017   0.107549   0.062801   0.015789   -0.033469   -0.084960   -0.138681   -0.194631   -0.252804   -0.313182   -0.375684   -0.440022   -0.505531   -0.571310   -0.636294   -0.699261   -0.758906   -0.814142   -0.864429   -0.909584   -0.949688   -0.985012   -1.016083   -1.043799   -1.069369   -1.094108   -1.119308   -1.146039   -1.174695   
0.389237   0.403572   0.417389   0.430852   0.444148   0.457267   0.468415   0.474052   0.473602   0.468178   0.458379   0.444659   0.427386   0.406831   0.383200   0.356652   0.327314   0.295291   0.260663   0.223488   0.183800   0.141625   0.096983   0.049894   0.000379   -0.051541   -0.105853   -0.162555   -0.221642   -0.283107   -0.346923   -0.412980   -0.480891   -0.549879   -0.618955   -0.686957   -0.752562   -0.814392   -0.871419   -0.923180   -0.969563   -1.010709   -1.046955   -1.078935   -1.107668   -1.134471   -1.160720   -1.187771   -1.216650   -1.247599   
0.378661   0.393932   0.408564   0.422703   0.436545   0.450239   0.463011   0.471474   0.473251   0.469221   0.460274   0.446946   0.429689   0.408830   0.384611   0.357221   0.326812   0.293502   0.257380   0.218513   0.176943   0.132698   0.085808   0.036296   -0.015812   -0.070491   -0.127730   -0.187526   -0.249871   -0.314754   -0.382138   -0.451873   -0.523456   -0.596009   -0.668445   -0.739506   -0.807765   -0.871786   -0.930623   -0.983889   -1.031541   -1.073780   -1.111011   -1.143991   -1.173855   -1.202019   -1.229925   -1.258985   -1.290160   -1.323513   
0.367550   0.383849   0.399381   0.414284   0.428753   0.442992   0.456771   0.467682   0.472029   0.469635   0.461692   0.448855   0.431674   0.410542   0.385749   0.357518   0.326022   0.291394   0.253738   0.213129   0.169615   0.123233   0.074017   0.021998   -0.032794   -0.090333   -0.150607   -0.213611   -0.279336   -0.347765   -0.418850   -0.492384   -0.567741   -0.643941   -0.719803   -0.793964   -0.864890   -0.931117   -0.991790   -1.046597   -1.095563   -1.138949   -1.177239   -1.211313   -1.242427   -1.272083   -1.301796   -1.333022   -1.366637   -1.402502   
0.355883   0.373296   0.389816   0.405572   0.420749   0.435570   0.450056   0.462793   0.469869   0.469398   0.462622   0.450381   0.433339   0.411971   0.386621   0.357545   0.324943   0.288967   0.249736   0.207333   0.161813   0.113224   0.061604   0.006991   -0.050579   -0.111080   -0.174499   -0.240830   -0.310059   -0.382167   -0.457086   -0.534538   -0.613768   -0.693698   -0.773050   -0.850350   -0.923960   -0.992412   -1.054953   -1.111346   -1.161676   -1.206268   -1.245696   -1.280964   -1.313447   -1.344728   -1.376403   -1.409952   -1.446146   -1.484632   
0.343638   0.362257   0.379852   0.396544   0.412509   0.427974   0.443084   0.457084   0.466699   0.468483   0.463050   0.451518   0.434686   0.413121   0.387228   0.357304   0.323577   0.286222   0.245373   0.201122   0.153535   0.102666   0.048562   -0.008732   -0.069177   -0.132745   -0.199423   -0.269200   -0.342061   -0.417981   -0.496869   -0.578355   -0.661559   -0.745304   -0.828209   -0.908687   -0.984998   -1.055705   -1.120153   -1.178176   -1.229925   -1.275788   -1.316440   -1.353007   -1.386981   -1.420025   -1.453817   -1.489845   -1.528751   -1.569970   
0.330803   0.350714   0.369468   0.387176   0.404008   0.420186   0.435916   0.450840   0.462570   0.466847   0.462961   0.452265   0.435716   0.413994   0.387573   0.356797   0.321926   0.283161   0.240649   0.194496   0.144776   0.091553   0.034883   -0.025183   -0.088600   -0.155342   -0.225394   -0.298741   -0.375364   -0.455231   -0.538224   -0.623860   -0.711137   -0.798781   -0.885304   -0.968999   -1.048031   -1.121028   -1.187426   -1.247131   -1.300357   -1.347560   -1.389528   -1.427502   -1.463090   -1.498037   -1.534107   -1.572770   -1.614514   -1.658582   
0.317360   0.338650   0.358643   0.377447   0.395222   0.412185   0.428572   0.444262   0.457617   0.464439   0.462337   0.452615   0.436428   0.414591   0.387656   0.356024   0.319991   0.279782   0.235563   0.187450   0.135531   0.079880   0.020561   -0.042369   -0.108861   -0.178887   -0.252430   -0.329472   -0.409989   -0.493943   -0.581175   -0.671075   -0.762527   -0.854154   -0.944359   -1.031308   -1.113089   -1.188415   -1.256812   -1.318255   -1.373020   -1.421637   -1.465016   -1.504510   -1.541838   -1.578833   -1.617339   -1.658792   -1.703498   -1.750531   
0.303297   0.326048   0.347361   0.367338   0.386132   0.403952   0.421050   0.437455   0.452047   0.461217   0.461161   0.452564   0.436822   0.414911   0.387480   0.354988   0.317772   0.276085   0.230111   0.179981   0.125796   0.067640   0.005586   -0.060302   -0.129971   -0.203393   -0.280547   -0.361412   -0.445959   -0.534140   -0.625743   -0.720023   -0.815751   -0.911447   -1.005396   -1.095638   -1.180201   -1.257901   -1.328351   -1.391590   -1.447960   -1.498074   -1.542961   -1.584088   -1.623285   -1.662476   -1.703580   -1.747975   -1.795767   -1.845885   
0.288596   0.312890   0.335602   0.356829   0.376717   0.395468   0.413339   0.430446   0.446030   0.457223   0.459414   0.452102   0.436894   0.414956   0.387045   0.353689   0.315269   0.272069   0.224293   0.172087   0.115567   0.054827   -0.010049   -0.078991   -0.151944   -0.228876   -0.309764   -0.394581   -0.483296   -0.575847   -0.671953   -0.770728   -0.870835   -0.970684   -1.068442   -1.162014   -1.249398   -1.329524   -1.402084   -1.467181   -1.525227   -1.576923   -1.623419   -1.666297   -1.707493   -1.749032   -1.792895   -1.840382   -1.891382   -1.944707   
0.273242   0.299159   0.323350   0.345905   0.366962   0.386716   0.405420   0.423249   0.439702   0.452555   0.457072   0.451222   0.436643   0.414725   0.386353   0.352128   0.312483   0.267733   0.218106   0.163763   0.104837   0.041434   -0.026354   -0.098448   -0.174792   -0.255351   -0.340096   -0.428999   -0.522022   -0.619087   -0.719827   -0.823213   -0.927801   -1.031892   -1.133520   -1.230462   -1.320714   -1.403321   -1.478050   -1.545071   -1.604869   -1.658237   -1.706445   -1.751192   -1.794523   -1.838564   -1.885347   -1.936072   -1.990406   -2.047062   
0.257222   0.284841   0.310591   0.334551   0.356852   0.377679   0.397281   0.415870   0.433138   0.447345   0.454102   0.449912   0.436066   0.414219   0.385403   0.350306   0.309413   0.263076   0.211546   0.155006   0.093602   0.027454   -0.043337   -0.118684   -0.198529   -0.282833   -0.371563   -0.464685   -0.562159   -0.663884   -0.769387   -0.877502   -0.986676   -1.095094   -1.200656   -1.301010   -1.394182   -1.479328   -1.556291   -1.625306   -1.686934   -1.742069   -1.792094   -1.838831   -1.884436   -1.931134   -1.980998   -2.035106   -2.092903   -2.153014   
0.240523   0.269923   0.297311   0.322755   0.346372   0.368341   0.388906   0.408305   0.426369   0.441705   0.450496   0.448162   0.435161   0.413439   0.384197   0.348222   0.306058   0.258096   0.204613   0.145812   0.081856   0.012879   -0.061008   -0.139710   -0.223167   -0.311337   -0.404181   -0.501662   -0.603731   -0.710261   -0.820658   -0.933620   -1.047484   -1.160316   -1.269875   -1.373688   -1.469835   -1.557585   -1.636848   -1.707930   -1.771472   -1.828470   -1.880420   -1.929271   -1.977291   -2.026806   -2.079910   -2.137544   -2.198934   -2.262627   
0.223137   0.254392   0.283498   0.310501   0.335508   0.358689   0.380286   0.400546   0.419407   0.435730   0.446302   0.445959   0.433924   0.412382   0.382735   0.345877   0.302418   0.252792   0.197302   0.136175   0.069593   -0.002299   -0.079375   -0.161537   -0.248722   -0.340880   -0.437970   -0.539948   -0.646759   -0.758240   -0.873661   -0.991590   -1.110251   -1.227584   -1.341205   -1.448526   -1.547710   -1.638129   -1.719763   -1.792988   -1.858531   -1.917493   -1.971478   -2.022569   -2.073147   -2.125640   -2.182144   -2.243446   -2.308561   -2.375963   
0.205058   0.238242   0.269141   0.297778   0.324249   0.348714   0.371407   0.392583   0.412255   0.429489   0.441596   0.443287   0.432351   0.411048   0.381017   0.343270   0.298492   0.247160   0.189609   0.126092   0.056806   -0.018086   -0.098449   -0.184178   -0.275206   -0.371477   -0.472946   -0.579563   -0.691267   -0.807846   -0.928421   -1.051437   -1.175003   -1.296925   -1.414671   -1.525555   -1.627841   -1.721000   -1.805078   -1.880527   -1.948159   -2.009188   -2.065321   -2.118781   -2.172065   -2.227696   -2.287761   -2.352871   -2.421844   -2.493085   


#  Thrust coefficient

0.066737   0.066482   0.066236   0.065999   0.065776   0.065570   0.065386   0.065230   0.065111   0.065037   0.065014   0.065052   0.065153   0.065322   0.065559   0.065862   0.066228   0.066655   0.067141   0.067687   0.068292   0.068957   0.069682   0.070462   0.071289   0.072145   0.073003   0.073830   0.074587   0.075235   0.075737   0.076065   0.076201   0.076135   0.075868   0.075404   0.074750   0.073916   0.072910   0.071739   0.070410   0.068932   0.067310   0.065551   0.063662   0.061649   0.059518   0.057278   0.054935   0.052499   
0.073603   0.073418   0.073256   0.073123   0.073028   0.072979   0.072986   0.073059   0.073206   0.073433   0.073741   0.074130   0.074596   0.075135   0.075744   0.076420   0.077164   0.077981   0.078873   0.079842   0.080883   0.081982   0.083115   0.084243   0.085317   0.086283   0.087090   0.087694   0.088062   0.088179   0.088040   0.087650   0.087019   0.086158   0.085079   0.083791   0.082305   0.080630   0.078778   0.076757   0.074576   0.072246   0.069776   0.067174   0.064452   0.061618   0.058682   0.055654   0.052536   0.049331   
0.081544   0.081498   0.081506   0.081579   0.081729   0.081966   0.082297   0.082727   0.083253   0.083871   0.084573   0.085354   0.086212   0.087148   0.088168   0.089282   0.090494   0.091804   0.093198   0.094645   0.096096   0.097487   0.098748   0.099811   0.100618   0.101130   0.101327   0.101207   0.100777   0.100050   0.099041   0.097765   0.096233   0.094460   0.092459   0.090243   0.087828   0.085226   0.082451   0.079517   0.076435   0.073219   0.069880   0.066429   0.062874   0.059225   0.055483   0.051649   0.047725   0.043714   
0.090756   0.090957   0.091254   0.091659   0.092179   0.092815   0.093562   0.094411   0.095352   0.096380   0.097493   0.098700   0.100014   0.101448   0.103011   0.104697   0.106477   0.108300   0.110089   0.111756   0.113210   0.114372   0.115185   0.115617   0.115659   0.115319   0.114611   0.113553   0.112164   0.110459   0.108455   0.106171   0.103626   0.100840   0.097832   0.094622   0.091228   0.087666   0.083952   0.080099   0.076120   0.072024   0.067823   0.063523   0.059126   0.054630   0.050039   0.045354   0.040583   0.035731   
0.101474   0.102041   0.102743   0.103580   0.104547   0.105627   0.106810   0.108086   0.109460   0.110944   0.112560   0.114330   0.116264   0.118352   0.120551   0.122788   0.124959   0.126950   0.128650   0.129968   0.130845   0.131254   0.131194   0.130677   0.129725   0.128358   0.126597   0.124462   0.121977   0.119167   0.116061   0.112687   0.109069   0.105233   0.101201   0.096993   0.092625   0.088113   0.083468   0.078702   0.073826   0.068846   0.063762   0.058573   0.053280   0.047887   0.042400   0.036827   0.031175   0.025447   
0.113893   0.114921   0.116099   0.117409   0.118833   0.120360   0.121994   0.123753   0.125668   0.127773   0.130082   0.132586   0.135236   0.137936   0.140557   0.142957   0.145000   0.146579   0.147623   0.148107   0.148029   0.147409   0.146270   0.144635   0.142530   0.139982   0.137023   0.133689   0.130018   0.126047   0.121810   0.117335   0.112651   0.107779   0.102738   0.097544   0.092210   0.086750   0.081172   0.075483   0.069682   0.063767   0.057740   0.051606   0.045370   0.039040   0.032624   0.026125   0.019549   0.012918   
0.128122   0.129654   0.131317   0.133095   0.134987   0.137013   0.139213   0.141632   0.144300   0.147216   0.150332   0.153543   0.156697   0.159617   0.162138   0.164123   0.165483   0.166179   0.166208   0.165591   0.164353   0.162521   0.160127   0.157207   0.153804   0.149963   0.145736   0.141171   0.136310   0.131190   0.125842   0.120291   0.114559   0.108663   0.102619   0.096440   0.090134   0.083708   0.077162   0.070494   0.063704   0.056798   0.049781   0.042662   0.035447   0.028140   0.020747   0.013287   0.005792   -0.001697   
0.144167   0.146194   0.148343   0.150628   0.153090   0.155789   0.158776   0.162070   0.165640   0.169387   0.173144   0.176704   0.179860   0.182433   0.184299   0.185391   0.185696   0.185231   0.184024   0.182106   0.179514   0.176294   0.172499   0.168191   0.163433   0.158287   0.152808   0.147040   0.141021   0.134780   0.128342   0.121728   0.114954   0.108033   0.100976   0.093789   0.086473   0.079025   0.071446   0.063740   0.055914   0.047975   0.039931   0.031785   0.023541   0.015216   0.006839   -0.001552   -0.009903   -0.018147   
0.161972   0.164514   0.167222   0.170163   0.173412   0.177020   0.180987   0.185244   0.189634   0.193929   0.197872   0.201235   0.203834   0.205557   0.206360   0.206250   0.205256   0.203409   0.200754   0.197345   0.193249   0.188539   0.183297   0.177600   0.171518   0.165109   0.158418   0.151481   0.144328   0.136981   0.129460   0.121780   0.113951   0.105981   0.097872   0.089621   0.081229   0.072699   0.064039   0.055254   0.046353   0.037339   0.028216   0.018997   0.009705   0.000373   -0.008950   -0.018200   -0.027297   -0.036150   
0.181542   0.184703   0.188158   0.191997   0.196264   0.200940   0.205915   0.210970   0.215813   0.220149   0.223728   0.226360   0.227943   0.228455   0.227915   0.226358   0.223832   0.220397   0.216132   0.211126   0.205477   0.199282   0.192631   0.185599   0.178245   0.170613   0.162738   0.154650   0.146370   0.137915   0.129297   0.120525   0.111604   0.102530   0.093304   0.083931   0.074414   0.064760   0.054979   0.045073   0.035046   0.024910   0.014680   0.004381   -0.005945   -0.016242   -0.026438   -0.036440   -0.046138   -0.055420   
0.203001   0.206995   0.211448   0.216402   0.221818   0.227545   0.233299   0.238730   0.243503   0.247339   0.250038   0.251507   0.251736   0.250758   0.248619   0.245385   0.241144   0.235998   0.230065   0.223462   0.216302   0.208685   0.200689   0.192372   0.183780   0.174948   0.165901   0.156660   0.147240   0.137653   0.127902   0.117988   0.107912   0.097676   0.087285   0.076744   0.066063   0.055245   0.044293   0.033218   0.022031   0.010752   -0.000591   -0.011953   -0.023275   -0.034472   -0.045437   -0.056043   -0.066164   -0.075675   
0.226588   0.231668   0.237324   0.243507   0.250026   0.256533   0.262619   0.267902   0.272066   0.274891   0.276287   0.276257   0.274846   0.272120   0.268168   0.263108   0.257073   0.250205   0.242641   0.234506   0.225910   0.216934   0.207639   0.198067   0.188253   0.178222   0.167993   0.157578   0.146987   0.136220   0.125278   0.114166   0.102885   0.091442   0.079847   0.068100   0.056205   0.044172   0.032013   0.019741   0.007376   -0.005051   -0.017497   -0.029896   -0.042152   -0.054145   -0.065734   -0.076776   -0.087130   -0.096664   
0.252559   0.258924   0.265895   0.273251   0.280583   0.287415   0.293309   0.297898   0.300931   0.302314   0.302065   0.300244   0.296940   0.292276   0.286402   0.279481   0.271678   0.263147   0.254030   0.244443   0.234473   0.224180   0.213608   0.202789   0.191748   0.180502   0.169061   0.157433   0.145615   0.133614   0.121432   0.109076   0.096554   0.083867   0.071016   0.058011   0.044864   0.031587   0.018196   0.004710   -0.008844   -0.022421   -0.035947   -0.049323   -0.062417   -0.075072   -0.087128   -0.098426   -0.108815   -0.118168   
0.281100   0.288872   0.297111   0.305350   0.313040   0.319670   0.324809   0.328156   0.329609   0.329199   0.327007   0.323154   0.317802   0.311131   0.303336   0.294603   0.285106   0.274999   0.264411   0.253432   0.242123   0.230529   0.218682   0.206606   0.194315   0.181819   0.169121   0.156223   0.143131   0.129851   0.116394   0.102760   0.088947   0.074961   0.060814   0.046520   0.032095   0.017551   0.002904   -0.011818   -0.026568   -0.041273   -0.055830   -0.070099   -0.083909   -0.097080   -0.109433   -0.120798   -0.131029   -0.140023   
0.312333   0.321493   0.330725   0.339398   0.346913   0.352751   0.356547   0.358176   0.357684   0.355181   0.350829   0.344825   0.337388   0.328739   0.319090   0.308631   0.297531   0.285930   0.273928   0.261586   0.248950   0.236053   0.222915   0.209554   0.195974   0.182178   0.168171   0.153962   0.139563   0.124976   0.110197   0.095227   0.080077   0.064759   0.049290   0.033684   0.017951   0.002107   -0.013819   -0.029783   -0.045714   -0.061512   -0.077030   -0.092084   -0.106476   -0.120005   -0.132477   -0.143724   -0.153629   -0.162116   
0.346283   0.356588   0.366376   0.374940   0.381656   0.386064   0.388003   0.387531   0.384800   0.380013   0.373412   0.365251   0.355781   0.345235   0.333822   0.321728   0.309108   0.296068   0.282677   0.268981   0.255011   0.240792   0.226335   0.211644   0.196725   0.181586   0.166240   0.150696   0.134950   0.118998   0.102844   0.086503   0.069989   0.053316   0.036495   0.019538   0.002465   -0.014700   -0.031915   -0.049117   -0.066210   -0.083045   -0.099429   -0.115147   -0.129975   -0.143694   -0.156109   -0.167078   -0.176513   -0.184371   
0.382810   0.393842   0.403634   0.411428   0.416646   0.419056   0.418735   0.415879   0.410742   0.403611   0.394781   0.384532   0.373118   0.360768   0.347685   0.334039   0.319952   0.305498   0.290724   0.275665   0.260343   0.244768   0.228944   0.212880   0.196591   0.180088   0.163374   0.146441   0.129290   0.111930   0.094376   0.076640   0.058733   0.040666   0.022454   0.004119   -0.014315   -0.032817   -0.051330   -0.069764   -0.087976   -0.105769   -0.122913   -0.139162   -0.154271   -0.168014   -0.180216   -0.190769   -0.199614   -0.206755   
0.421650   0.432852   0.441946   0.448201   0.451282   0.451270   0.448413   0.443027   0.435452   0.426022   0.415045   0.402802   0.389542   0.375482   0.360810   0.345669   0.330140   0.314276   0.298112   0.281670   0.264957   0.247982   0.230758   0.213302   0.195621   0.177712   0.159569   0.141200   0.122615   0.103826   0.084842   0.065673   0.046331   0.026837   0.007210   -0.012527   -0.032347   -0.052204   -0.072018   -0.091658   -0.110927   -0.129586   -0.147371   -0.164011   -0.179246   -0.192860   -0.204715   -0.214733   -0.222893   -0.229267   
0.462431   0.473061   0.480612   0.484600   0.485083   0.482376   0.476861   0.468941   0.458991   0.447355   0.434334   0.420198   0.405183   0.389494   0.373296   0.356686   0.339722   0.322443   0.304866   0.287000   0.268860   0.250464   0.231827   0.212949   0.193822   0.174452   0.154848   0.135020   0.114975   0.094719   0.074262   0.053621   0.032817   0.011870   -0.009199   -0.030367   -0.051598   -0.072823   -0.093928   -0.114726   -0.134977   -0.154401   -0.172704   -0.189590   -0.204800   -0.218152   -0.229544   -0.238929   -0.246342   -0.251929   
0.504599   0.513732   0.518902   0.520102   0.517715   0.512211   0.504059   0.493686   0.481470   0.467736   0.452773   0.436837   0.420151   0.402901   0.385208   0.367141   0.348738   0.330015   0.310987   0.291675   0.272098   0.252266   0.232170   0.211812   0.191201   0.170349   0.149262   0.127940   0.106390   0.084625   0.062663   0.040524   0.018230   -0.004201   -0.026746   -0.049377   -0.072038   -0.094633   -0.116999   -0.138898   -0.160046   -0.180127   -0.198816   -0.215805   -0.230857   -0.243834   -0.254664   -0.263342   -0.269976   -0.274784   
0.547392   0.554052   0.556224   0.554354   0.549015   0.540761   0.530075   0.517372   0.503005   0.487280   0.470472   0.452821   0.434535   0.415766   0.396597   0.377067   0.357194   0.337001   0.316514   0.295750   0.274708   0.253383   0.231783   0.209921   0.187808   0.165446   0.142831   0.119971   0.096880   0.073576   0.050081   0.026414   0.002595   -0.021355   -0.045410   -0.069527   -0.093630   -0.117585   -0.141172   -0.164105   -0.186060   -0.206682   -0.225624   -0.242582   -0.257364   -0.269867   -0.280053   -0.287978   -0.293821   -0.297882   
0.589914   0.593334   0.592189   0.587187   0.578971   0.568095   0.555014   0.540108   0.523703   0.506090   0.487524   0.468233   0.448403   0.428141   0.407488   0.386469   0.365115   0.343454   0.321496   0.299236   0.276677   0.253830   0.230711   0.207326   0.183675   0.159754   0.135570   0.111138   0.086476   0.061604   0.036543   0.011312   -0.014068   -0.039571   -0.065165   -0.090789   -0.116340   -0.141632   -0.166390   -0.190285   -0.212946   -0.233990   -0.253053   -0.269866   -0.284280   -0.296225   -0.305708   -0.312853   -0.317915   -0.321277   
0.631332   0.631133   0.626617   0.618579   0.607647   0.594309   0.578976   0.561991   0.543659   0.524248   0.504005   0.483146   0.461808   0.440044   0.417892   0.395387   0.372558   0.349405   0.325927   0.302133   0.278039   0.253658   0.228992   0.204042   0.178806   0.153290   0.127505   0.101471   0.075207   0.048732   0.022068   -0.004765   -0.031740   -0.058828   -0.085986   -0.113134   -0.140131   -0.166727   -0.192600   -0.217375   -0.240640   -0.261984   -0.281050   -0.297620   -0.311579   -0.322898   -0.331636   -0.337993   -0.342301   -0.345016   
0.671066   0.667219   0.659479   0.648595   0.635128   0.619496   0.602052   0.583109   0.562948   0.541830   0.519993   0.497611   0.474762   0.451498   0.427862   0.403875   0.379534   0.354844   0.329822   0.304484   0.278840   0.252890   0.226635   0.200080   0.173225   0.146080   0.118663   0.090994   0.063092   0.034977   0.006671   -0.021797   -0.050401   -0.079104   -0.107851   -0.136536   -0.164963   -0.192824   -0.219749   -0.245317   -0.269079   -0.290605   -0.309574   -0.325812   -0.339246   -0.349885   -0.357855   -0.363428   -0.367021   -0.369141   
0.708805   0.701520   0.690814   0.677314   0.661499   0.643736   0.624319   0.603530   0.581643   0.558911   0.535535   0.511642   0.487303   0.462563   0.437437   0.411925   0.386040   0.359803   0.333230   0.306326   0.279093   0.251536   0.223658   0.195461   0.166953   0.138149   0.109066   0.079725   0.050145   0.020352   -0.009629   -0.039767   -0.070031   -0.100379   -0.130738   -0.160965   -0.190799   -0.219879   -0.247790   -0.274060   -0.298210   -0.319811   -0.338594   -0.354426   -0.367273   -0.377194   -0.384384   -0.389193   -0.392116   -0.393691   
0.744417   0.734037   0.720666   0.704802   0.686836   0.667094   0.645836   0.623323   0.599813   0.575530   0.550657   0.525295   0.499492   0.473259   0.446605   0.419551   0.392121   0.364327   0.336174   0.307667   0.278813   0.249615   0.220078   0.190207   0.160014   0.129515   0.098728   0.067675   0.036381   0.004875   -0.026814   -0.058656   -0.090614   -0.122637   -0.154627   -0.186391   -0.217601   -0.247852   -0.276674   -0.303554   -0.327987   -0.349571   -0.368090   -0.383451   -0.395663   -0.404839   -0.411249   -0.415324   -0.417618   -0.418699   
0.777831   0.764761   0.749062   0.731100   0.711189   0.689624   0.666671   0.642548   0.617491   0.591733   0.565424   0.538618   0.511329   0.483578   0.455394   0.426801   0.397810   0.368427   0.338663   0.308524   0.278017   0.247145   0.215916   0.184338   0.152423   0.120190   0.087660   0.054859   0.021817   -0.011437   -0.044870   -0.078450   -0.112136   -0.145860   -0.179494   -0.212782   -0.245336   -0.276703   -0.306360   -0.333757   -0.358374   -0.379860   -0.398046   -0.412883   -0.424422   -0.432838   -0.438478   -0.441853   -0.443561   -0.444197   
0.808921   0.793658   0.775998   0.756223   0.734595   0.711391   0.686865   0.661232   0.634740   0.607594   0.579873   0.551603   0.522820   0.493560   0.463848   0.433696   0.403115   0.372118   0.340716   0.308915   0.276721   0.244145   0.211190   0.177867   0.144192   0.110186   0.075876   0.041293   0.006467   -0.028570   -0.063784   -0.099137   -0.134582   -0.170031   -0.205317   -0.240109   -0.273972   -0.306396   -0.336810   -0.364630   -0.389344   -0.410661   -0.428456   -0.442722   -0.453559   -0.461209   -0.466098   -0.468809   -0.469974   -0.470215   
0.837547   0.820608   0.801429   0.780172   0.757088   0.732419   0.706448   0.679449   0.651634   0.623129   0.593989   0.564267   0.534008   0.503240   0.471979   0.440244   0.408053   0.375418   0.342349   0.308854   0.274945   0.240629   0.205911   0.170804   0.135329   0.099515   0.063392   0.026991   -0.009656   -0.046513   -0.083543   -0.120703   -0.157937   -0.195135   -0.232070   -0.268347   -0.303476   -0.336897   -0.367990   -0.396142   -0.420877   -0.441963   -0.459315   -0.472975   -0.483089   -0.489975   -0.494138   -0.496219   -0.496886   -0.496777   
0.864260   0.845557   0.825273   0.802930   0.778649   0.752726   0.725496   0.697264   0.668178   0.638331   0.607803   0.576654   0.544919   0.512624   0.479799   0.446466   0.412642   0.378341   0.343576   0.308359   0.272702   0.236608   0.200087   0.163158   0.125850   0.088193   0.050219   0.011963   -0.026541   -0.065254   -0.104135   -0.143136   -0.182189   -0.221153   -0.259732   -0.297468   -0.333822   -0.368176   -0.399869   -0.428269   -0.452960   -0.473758   -0.490625   -0.503647   -0.513026   -0.519158   -0.522621   -0.524110   -0.524324   -0.523907   
0.889890   0.869099   0.847498   0.824412   0.799270   0.772366   0.744063   0.714675   0.684371   0.653234   0.621352   0.588778   0.555556   0.521728   0.487326   0.452375   0.416894   0.380901   0.344413   0.307444   0.270000   0.232089   0.193728   0.154943   0.115766   0.076230   0.036369   -0.003780   -0.044178   -0.084782   -0.125549   -0.166426   -0.207326   -0.248069   -0.288281   -0.327450   -0.364982   -0.400206   -0.432419   -0.460994   -0.485581   -0.506042   -0.522389   -0.534750   -0.543389   -0.548779   -0.551573   -0.552505   -0.552313   -0.551625   
0.915055   0.891984   0.868558   0.844575   0.818959   0.791346   0.762131   0.731691   0.700244   0.667865   0.634639   0.600641   0.565935   0.530567   0.494574   0.457984   0.420822   0.383112   0.344873   0.306114   0.266846   0.227082   0.186846   0.146171   0.105089   0.063635   0.021850   -0.020228   -0.062555   -0.105087   -0.147776   -0.190561   -0.233336   -0.275863   -0.317697   -0.358270   -0.396933   -0.432962   -0.465617   -0.494303   -0.518733   -0.538816   -0.554614   -0.566295   -0.574195   -0.578861   -0.581015   -0.581429   -0.580875   -0.579948   
0.939912   0.914595   0.889114   0.863735   0.837650   0.809616   0.779700   0.748339   0.715812   0.682219   0.647669   0.612262   0.576072   0.539155   0.501553   0.463304   0.424440   0.384987   0.344961   0.304377   0.263249   0.221597   0.179453   0.136850   0.093826   0.050419   0.006672   -0.037371   -0.081664   -0.126161   -0.170807   -0.215533   -0.260207   -0.304521   -0.347962   -0.389907   -0.429652   -0.466421   -0.499446   -0.528186   -0.552411   -0.572083   -0.587306   -0.598295   -0.605460   -0.609424   -0.610967   -0.610903   -0.610029   -0.608892   
0.964561   0.937085   0.909588   0.882402   0.855394   0.827139   0.796765   0.764611   0.731057   0.696298   0.660455   0.623651   0.585976   0.547498   0.508273   0.468348   0.427758   0.386530   0.344684   0.302241   0.259219   0.215646   0.171558   0.126990   0.081986   0.036590   -0.009155   -0.055200   -0.101497   -0.147993   -0.194633   -0.241333   -0.287927   -0.334027   -0.379058   -0.422342   -0.463119   -0.500564   -0.533893   -0.562635   -0.586617   -0.605847   -0.620474   -0.630763   -0.637202   -0.640486   -0.641451   -0.640949   -0.639793   -0.638467   
0.989124   0.959560   0.930063   0.900996   0.872557   0.843889   0.813271   0.780472   0.745980   0.710110   0.673004   0.634814   0.595653   0.555608   0.514748   0.473126   0.430783   0.387748   0.344051   0.299715   0.254766   0.209237   0.163166   0.116599   0.069580   0.022156   -0.025623   -0.073708   -0.122044   -0.170578   -0.219247   -0.267954   -0.316482   -0.364365   -0.410968   -0.455557   -0.497317   -0.535371   -0.568947   -0.597647   -0.621349   -0.640114   -0.654127   -0.663714   -0.669438   -0.672068   -0.672485   -0.671584   -0.670181   -0.668679   
1.013691   0.982058   0.950593   0.919674   0.889558   0.859955   0.829139   0.795896   0.760579   0.723654   0.685319   0.645756   0.605112   0.563494   0.520985   0.477644   0.433518   0.388649   0.343070   0.296810   0.249898   0.202376   0.154288   0.105685   0.056614   0.007126   -0.042725   -0.092886   -0.143300   -0.193909   -0.244643   -0.295386   -0.345861   -0.395522   -0.443677   -0.489537   -0.532228   -0.570829   -0.604601   -0.633218   -0.656612   -0.674890   -0.688276   -0.697161   -0.702184   -0.704185   -0.704086   -0.702826   -0.701207   -0.699534   
1.038290   1.004627   0.971250   0.938499   0.906621   0.875619   0.844346   0.810843   0.774839   0.736924   0.697398   0.656483   0.614362   0.571165   0.526989   0.481905   0.435973   0.389242   0.341750   0.293530   0.244621   0.195071   0.144931   0.094255   0.043095   -0.008494   -0.060454   -0.112729   -0.165259   -0.217980   -0.270815   -0.323622   -0.376052   -0.427485   -0.477171   -0.524267   -0.567838   -0.606926   -0.640849   -0.669349   -0.692410   -0.710181   -0.722930   -0.731119   -0.735458   -0.736853   -0.736270   -0.734690   -0.732882   -0.731034   
1.062975   1.027337   0.992070   0.957475   0.923803   0.891163   0.858980   0.825254   0.788736   0.749911   0.709244   0.667000   0.623408   0.578624   0.532764   0.485917   0.438155   0.389534   0.340096   0.289882   0.238941   0.187329   0.135102   0.082317   0.029031   -0.024696   -0.078804   -0.133231   -0.187914   -0.242785   -0.297756   -0.352654   -0.407045   -0.460241   -0.511438   -0.559734   -0.604133   -0.643654   -0.677689   -0.706041   -0.728747   -0.745996   -0.758100   -0.765599   -0.769273   -0.770088   -0.769053   -0.767189   -0.765215   -0.763183   
1.087816   1.050220   1.013053   0.976613   0.941130   0.906754   0.873264   0.839104   0.802238   0.762608   0.720855   0.677310   0.632252   0.585873   0.538316   0.489689   0.440073   0.389532   0.338114   0.285874   0.232868   0.179159   0.124808   0.069876   0.014427   -0.041476   -0.097769   -0.154387   -0.211262   -0.268320   -0.325462   -0.382472   -0.438828   -0.493780   -0.546465   -0.595924   -0.641101   -0.681007   -0.715117   -0.743297   -0.765628   -0.782342   -0.793798   -0.800616   -0.803644   -0.803902   -0.802448   -0.800333   -0.798212   -0.795983   
1.112840   1.073278   1.034213   0.995922   0.958610   0.922447   0.887400   0.852443   0.815305   0.775004   0.732229   0.687413   0.640896   0.592920   0.543655   0.493228   0.441731   0.389238   0.335811   0.281511   0.226407   0.170565   0.114053   0.056939   -0.000711   -0.058828   -0.117345   -0.176191   -0.235296   -0.294579   -0.353928   -0.413068   -0.471393   -0.528091   -0.582243   -0.632827   -0.678730   -0.718979   -0.753135   -0.781120   -0.803060   -0.819225   -0.830035   -0.836182   -0.838583   -0.838307   -0.836468   -0.834133   -0.831877   -0.829435   
1.138053   1.096527   1.055562   1.015407   0.976245   0.938261   0.901526   0.865416   0.827893   0.787086   0.743359   0.697305   0.649345   0.599770   0.548786   0.496537   0.443133   0.388661   0.333192   0.276801   0.219563   0.161553   0.102845   0.043511   -0.016377   -0.076747   -0.137526   -0.198640   -0.260013   -0.321560   -0.383147   -0.444434   -0.504730   -0.563164   -0.618760   -0.670433   -0.717012   -0.757569   -0.791744   -0.819513   -0.841047   -0.856656   -0.866822   -0.872310   -0.874101   -0.873317   -0.871126   -0.868598   -0.866213   -0.863539   
1.163474   1.119983   1.077107   1.035067   0.994035   0.954201   0.915699   0.878182   0.840026   0.798827   0.754234   0.706989   0.657602   0.606429   0.553712   0.499621   0.444286   0.387805   0.330263   0.271748   0.212342   0.152129   0.091188   0.029597   -0.032567   -0.095228   -0.158308   -0.221729   -0.285410   -0.349257   -0.413115   -0.476562   -0.538830   -0.598990   -0.656009   -0.708731   -0.755942   -0.796773   -0.830944   -0.858481   -0.879596   -0.894641   -0.904170   -0.909009   -0.910208   -0.908942   -0.906432   -0.903735   -0.901219   -0.898297   
1.189117   1.143654   1.098850   1.054902   1.011977   0.970268   0.929950   0.890861   0.851771   0.810195   0.764847   0.716464   0.665671   0.612900   0.558437   0.502486   0.445194   0.386676   0.327031   0.266358   0.204750   0.142298   0.079088   0.015202   -0.049278   -0.114268   -0.179688   -0.245455   -0.311482   -0.377668   -0.443825   -0.509446   -0.573687   -0.635563   -0.693979   -0.747714   -0.795514   -0.836593   -0.870739   -0.898028   -0.918713   -0.933190   -0.942088   -0.946291   -0.946915   -0.945192   -0.942394   -0.939551   -0.936897   -0.933709   
1.214990   1.167545   1.120793   1.074911   1.030068   0.986462   0.944294   0.903528   0.863240   0.821160   0.775189   0.725730   0.673553   0.619184   0.562967   0.505136   0.445863   0.385278   0.323499   0.260635   0.196792   0.132065   0.066547   0.000329   -0.066504   -0.133863   -0.201662   -0.269814   -0.338227   -0.406789   -0.475273   -0.543077   -0.609292   -0.672873   -0.732664   -0.787372   -0.835725   -0.877027   -0.911131   -0.938159   -0.958403   -0.972312   -0.980585   -0.984163   -0.984232   -0.982077   -0.979021   -0.976050   -0.973249   -0.969777   
1.241098   1.191658   1.142934   1.095093   1.048308   1.002785   0.958737   0.916212   0.874526   0.831746   0.785249   0.734783   0.681248   0.625287   0.567305   0.507576   0.446297   0.383617   0.319672   0.254586   0.188471   0.121433   0.053572   -0.015018   -0.084242   -0.154009   -0.224227   -0.294804   -0.365641   -0.436616   -0.507451   -0.577451   -0.645639   -0.710915   -0.772056   -0.827700   -0.876574   -0.918077   -0.952124   -0.978877   -0.998674   -1.012015   -1.019669   -1.022636   -1.022166   -1.019606   -1.016319   -1.013235   -1.010275   -1.006499   
1.267443   1.215993   1.165272   1.115446   1.066697   1.019233   0.973277   0.928935   0.885717   0.842006   0.795012   0.743618   0.688759   0.631211   0.571456   0.509811   0.446500   0.381697   0.315556   0.248213   0.179792   0.110407   0.040164   -0.030834   -0.102489   -0.174704   -0.247380   -0.320421   -0.393723   -0.467147   -0.540356   -0.612560   -0.682721   -0.749681   -0.812149   -0.868692   -0.918060   -0.959745   -0.993719   -1.020187   -1.039532   -1.052308   -1.059349   -1.061716   -1.060725   -1.057787   -1.054296   -1.051108   -1.047976   -1.043876   
1.294024   1.240548   1.187805   1.135971   1.085235   1.035805   0.987913   0.941713   0.896866   0.852012   0.804455   0.752231   0.696085   0.636960   0.575423   0.511844   0.446476   0.379522   0.311153   0.241521   0.170759   0.098990   0.026328   -0.047118   -0.121243   -0.195944   -0.271119   -0.346664   -0.422469   -0.498379   -0.573982   -0.648399   -0.720534   -0.789167   -0.852935   -0.910343   -0.960180   -1.002033   -1.035922   -1.062095   -1.080983   -1.093198   -1.099631   -1.101411   -1.099919   -1.096629   -1.092955   -1.089669   -1.086353   -1.081907   
1.320836   1.265319   1.210534   1.156670   1.103919   1.052497   1.002646   0.954554   0.908002   0.861829   0.813574   0.760616   0.703228   0.642535   0.579210   0.513678   0.446230   0.377096   0.306469   0.234514   0.161376   0.087186   0.012068   -0.063865   -0.140499   -0.217727   -0.295440   -0.373529   -0.451877   -0.530307   -0.608323   -0.684963   -0.759072   -0.829366   -0.894411   -0.952650   -1.002937   -1.044941   -1.078734   -1.104606   -1.123034   -1.134692   -1.140523   -1.141727   -1.139754   -1.136137   -1.132301   -1.128919   -1.125405   -1.120592   
1.347871   1.290304   1.233459   1.177539   1.122748   1.069309   1.017477   0.967462   0.919140   0.871513   0.822393   0.768765   0.710188   0.647941   0.582820   0.515317   0.445765   0.374423   0.301507   0.227195   0.151645   0.074998   -0.002616   -0.081073   -0.160256   -0.240050   -0.320342   -0.401015   -0.481945   -0.562928   -0.643376   -0.722248   -0.798329   -0.870273   -0.936570   -0.995612   -1.046330   -1.088474   -1.122160   -1.147723   -1.165690   -1.176796   -1.182030   -1.182672   -1.180237   -1.176318   -1.172339   -1.168858   -1.165133   -1.159928   
1.375119   1.315499   1.256576   1.198577   1.141720   1.086242   1.032405   0.980438   0.930293   0.881112   0.830958   0.776670   0.716963   0.653177   0.586256   0.516765   0.445084   0.371507   0.296270   0.219568   0.141570   0.062429   -0.017718   -0.098740   -0.180512   -0.262912   -0.345822   -0.429120   -0.512671   -0.596238   -0.679135   -0.760248   -0.838302   -0.911884   -0.979409   -1.039227   -1.090361   -1.132632   -1.166202   -1.191453   -1.208959   -1.219515   -1.224160   -1.224252   -1.221375   -1.217177   -1.213071   -1.209489   -1.205536   -1.199915   


# Torque coefficient

0.002644   0.003290   0.003952   0.004631   0.005329   0.006046   0.006784   0.007543   0.008322   0.009120   0.009939   0.010776   0.011632   0.012503   0.013389   0.014286   0.015194   0.016112   0.017040   0.017980   0.018933   0.019902   0.020887   0.021886   0.022894   0.023900   0.024891   0.025848   0.026750   0.027577   0.028310   0.028935   0.029444   0.029831   0.030098   0.030247   0.030283   0.030211   0.030037   0.029764   0.029397   0.028942   0.028401   0.027779   0.027080   0.026308   0.025465   0.024556   0.023585   0.022556   
0.003645   0.004448   0.005274   0.006124   0.006997   0.007892   0.008809   0.009746   0.010703   0.011677   0.012666   0.013668   0.014679   0.015698   0.016725   0.017760   0.018807   0.019870   0.020952   0.022055   0.023175   0.024306   0.025434   0.026539   0.027598   0.028585   0.029476   0.030250   0.030893   0.031399   0.031766   0.031998   0.032099   0.032077   0.031937   0.031684   0.031325   0.030866   0.030311   0.029665   0.028935   0.028124   0.027238   0.026280   0.025256   0.024170   0.023026   0.021829   0.020581   0.019282   
0.005013   0.006001   0.007013   0.008048   0.009105   0.010182   0.011277   0.012387   0.013508   0.014637   0.015771   0.016909   0.018054   0.019209   0.020381   0.021575   0.022795   0.024039   0.025301   0.026566   0.027809   0.029002   0.030115   0.031117   0.031984   0.032702   0.033262   0.033664   0.033914   0.034018   0.033984   0.033818   0.033527   0.033118   0.032599   0.031975   0.031254   0.030442   0.029545   0.028569   0.027520   0.026402   0.025221   0.023982   0.022688   0.021343   0.019948   0.018505   0.017013   0.015475   
0.006754   0.007933   0.009132   0.010350   0.011584   0.012831   0.014084   0.015341   0.016599   0.017859   0.019125   0.020404   0.021706   0.023037   0.024401   0.025795   0.027204   0.028605   0.029966   0.031250   0.032420   0.033446   0.034306   0.034988   0.035493   0.035823   0.035988   0.035994   0.035852   0.035568   0.035150   0.034607   0.033949   0.033182   0.032317   0.031361   0.030320   0.029202   0.028012   0.026756   0.025438   0.024064   0.022637   0.021160   0.019634   0.018060   0.016436   0.014766   0.013050   0.011290   
0.008821   0.010184   0.011561   0.012947   0.014337   0.015726   0.017112   0.018497   0.019887   0.021293   0.022728   0.024199   0.025712   0.027258   0.028821   0.030369   0.031861   0.033254   0.034506   0.035584   0.036469   0.037154   0.037639   0.037934   0.038046   0.037986   0.037762   0.037385   0.036864   0.036211   0.035435   0.034549   0.033561   0.032482   0.031318   0.030077   0.028766   0.027390   0.025953   0.024460   0.022914   0.021319   0.019674   0.017980   0.016236   0.014444   0.012604   0.010719   0.008789   0.006816   
0.011149   0.012681   0.014214   0.015742   0.017263   0.018779   0.020298   0.021833   0.023399   0.025009   0.026669   0.028371   0.030096   0.031805   0.033451   0.034982   0.036353   0.037526   0.038481   0.039212   0.039721   0.040018   0.040115   0.040020   0.039746   0.039303   0.038705   0.037965   0.037095   0.036111   0.035022   0.033840   0.032573   0.031228   0.029812   0.028331   0.026789   0.025191   0.023540   0.021839   0.020086   0.018283   0.016429   0.014524   0.012571   0.010569   0.008521   0.006426   0.004286   0.002108   
0.013666   0.015344   0.017010   0.018664   0.020317   0.021981   0.023677   0.025421   0.027222   0.029078   0.030968   0.032853   0.034680   0.036388   0.037922   0.039242   0.040320   0.041147   0.041728   0.042073   0.042194   0.042102   0.041811   0.041334   0.040687   0.039886   0.038947   0.037887   0.036718   0.035453   0.034100   0.032668   0.031163   0.029591   0.027958   0.026268   0.024524   0.022727   0.020879   0.018977   0.017023   0.015016   0.012959   0.010850   0.008692   0.006484   0.004227   0.001927   -0.000408   -0.002767   
0.016305   0.018111   0.019905   0.021704   0.023527   0.025397   0.027331   0.029331   0.031384   0.033453   0.035482   0.037402   0.039150   0.040671   0.041932   0.042915   0.043624   0.044067   0.044259   0.044213   0.043944   0.043469   0.042806   0.041973   0.040991   0.039878   0.038651   0.037321   0.035900   0.034397   0.032818   0.031171   0.029460   0.027690   0.025864   0.023984   0.022050   0.020061   0.018018   0.015920   0.013768   0.011563   0.009304   0.006993   0.004629   0.002216   -0.000239   -0.002726   -0.005230   -0.007733   
0.019023   0.020965   0.022919   0.024910   0.026965   0.029096   0.031298   0.033545   0.035786   0.037946   0.039950   0.041730   0.043237   0.044444   0.045344   0.045946   0.046264   0.046315   0.046115   0.045683   0.045040   0.044209   0.043213   0.042073   0.040808   0.039434   0.037964   0.036406   0.034769   0.033060   0.031285   0.029449   0.027553   0.025601   0.023593   0.021528   0.019406   0.017228   0.014993   0.012701   0.010353   0.007949   0.005489   0.002975   0.000411   -0.002195   -0.004830   -0.007478   -0.010118   -0.012722   
0.021823   0.023940   0.026107   0.028352   0.030682   0.033086   0.035526   0.037934   0.040223   0.042311   0.044129   0.045631   0.046797   0.047628   0.048138   0.048345   0.048268   0.047928   0.047351   0.046560   0.045583   0.044445   0.043168   0.041772   0.040271   0.038676   0.036998   0.035243   0.033418   0.031527   0.029575   0.027563   0.025493   0.023363   0.021175   0.018928   0.016621   0.014254   0.011829   0.009344   0.006799   0.004196   0.001537   -0.001174   -0.003927   -0.006710   -0.009502   -0.012281   -0.015015   -0.017675   
0.024744   0.027091   0.029526   0.032055   0.034662   0.037295   0.039873   0.042297   0.044479   0.046349   0.047863   0.049004   0.049783   0.050217   0.050327   0.050139   0.049679   0.048975   0.048058   0.046956   0.045696   0.044302   0.042792   0.041181   0.039478   0.037693   0.035834   0.033904   0.031909   0.029850   0.027730   0.025548   0.023306   0.021001   0.018635   0.016206   0.013715   0.011161   0.008544   0.005865   0.003124   0.000324   -0.002529   -0.005427   -0.008355   -0.011294   -0.014215   -0.017086   -0.019874   -0.022544   
0.027835   0.030460   0.033188   0.035996   0.038826   0.041581   0.044154   0.046447   0.048389   0.049934   0.051072   0.051816   0.052192   0.052224   0.051944   0.051383   0.050575   0.049553   0.048346   0.046985   0.045491   0.043884   0.042178   0.040381   0.038503   0.036550   0.034527   0.032436   0.030280   0.028059   0.025774   0.023426   0.021012   0.018534   0.015990   0.013380   0.010704   0.007962   0.005154   0.002282   -0.000653   -0.003645   -0.006685   -0.009759   -0.012845   -0.015914   -0.018930   -0.021856   -0.024655   -0.027293   
0.031129   0.034052   0.037063   0.040095   0.043040   0.045778   0.048206   0.050243   0.051843   0.052999   0.053731   0.054068   0.054043   0.053692   0.053052   0.052161   0.051055   0.049764   0.048318   0.046742   0.045054   0.043267   0.041390   0.039431   0.037396   0.035288   0.033111   0.030866   0.028553   0.026173   0.023726   0.021211   0.018628   0.015977   0.013255   0.010464   0.007603   0.004672   0.001674   -0.001390   -0.004516   -0.007695   -0.010914   -0.014149   -0.017369   -0.020538   -0.023614   -0.026558   -0.029331   -0.031900   
0.034625   0.037838   0.041078   0.044227   0.047152   0.049740   0.051901   0.053583   0.054782   0.055524   0.055844   0.055783   0.055384   0.054689   0.053737   0.052567   0.051211   0.049700   0.048058   0.046303   0.044449   0.042504   0.040476   0.038369   0.036188   0.033934   0.031608   0.029212   0.026745   0.024207   0.021599   0.018920   0.016168   0.013341   0.010441   0.007468   0.004423   0.001305   -0.001883   -0.005138   -0.008453   -0.011813   -0.015197   -0.018574   -0.021902   -0.025140   -0.028244   -0.031171   -0.033885   -0.036360   
0.038298   0.041751   0.045119   0.048254   0.051030   0.053345   0.055139   0.056408   0.057185   0.057513   0.057440   0.057017   0.056289   0.055299   0.054087   0.052685   0.051126   0.049433   0.047627   0.045720   0.043719   0.041634   0.039466   0.037221   0.034900   0.032503   0.030032   0.027486   0.024868   0.022175   0.019407   0.016561   0.013638   0.010638   0.007560   0.004406   0.001176   -0.002130   -0.005509   -0.008954   -0.012453   -0.015985   -0.019519   -0.023014   -0.026424   -0.029701   -0.032800   -0.035680   -0.038312   -0.040677   
0.042093   0.045691   0.049060   0.052053   0.054555   0.056493   0.057862   0.058701   0.059062   0.059003   0.058580   0.057843   0.056839   0.055605   0.054178   0.052587   0.050861   0.049018   0.047071   0.045028   0.042896   0.040680   0.038381   0.036003   0.033545   0.031008   0.028395   0.025704   0.022935   0.020086   0.017156   0.014144   0.011051   0.007877   0.004622   0.001285   -0.002132   -0.005628   -0.009197   -0.012829   -0.016506   -0.020197   -0.023862   -0.027452   -0.030916   -0.034204   -0.037271   -0.040082   -0.042616   -0.044863   
0.045920   0.049542   0.052782   0.055504   0.057622   0.059122   0.060052   0.060474   0.060455   0.060057   0.059336   0.058340   0.057108   0.055675   0.054072   0.052328   0.050463   0.048491   0.046419   0.044254   0.042000   0.039660   0.037235   0.034726   0.032135   0.029463   0.026710   0.023873   0.020953   0.017947   0.014855   0.011679   0.008416   0.005067   0.001631   -0.001890   -0.005494   -0.009181   -0.012940   -0.016756   -0.020602   -0.024437   -0.028212   -0.031874   -0.035366   -0.038639   -0.041652   -0.044380   -0.046808   -0.048937   
0.049671   0.053185   0.056162   0.058496   0.060163   0.061214   0.061725   0.061772   0.061426   0.060746   0.059783   0.058575   0.057157   0.055562   0.053818   0.051948   0.049965   0.047878   0.045693   0.043415   0.041045   0.038585   0.036037   0.033403   0.030683   0.027877   0.024983   0.022000   0.018928   0.015767   0.012515   0.009172   0.005737   0.002211   -0.001406   -0.005113   -0.008908   -0.012786   -0.016734   -0.020728   -0.024731   -0.028693   -0.032559   -0.036268   -0.039765   -0.043002   -0.045947   -0.048582   -0.050901   -0.052921   
0.053228   0.056493   0.059082   0.060952   0.062157   0.062787   0.062928   0.062659   0.062046   0.061140   0.059981   0.058602   0.057035   0.055311   0.053452   0.051475   0.049388   0.047198   0.044909   0.042523   0.040041   0.037467   0.034801   0.032045   0.029196   0.026254   0.023220   0.020092   0.016870   0.013553   0.010138   0.006627   0.003018   -0.000686   -0.004486   -0.008381   -0.012369   -0.016440   -0.020575   -0.024739   -0.028885   -0.032956   -0.036891   -0.040627   -0.044108   -0.047294   -0.050162   -0.052700   -0.054915   -0.056839   
0.056461   0.059341   0.061453   0.062846   0.063624   0.063887   0.063723   0.063203   0.062381   0.061295   0.059980   0.058466   0.056782   0.054955   0.053001   0.050931   0.048751   0.046466   0.044077   0.041588   0.039001   0.036316   0.033534   0.030654   0.027677   0.024602   0.021430   0.018158   0.014784   0.011308   0.007729   0.004048   0.000265   -0.003620   -0.007607   -0.011695   -0.015878   -0.020141   -0.024456   -0.028779   -0.033055   -0.037218   -0.041203   -0.044946   -0.048395   -0.051520   -0.054305   -0.056748   -0.058869   -0.060715   
0.059234   0.061624   0.063239   0.064195   0.064609   0.064578   0.064178   0.063466   0.062482   0.061257   0.059821   0.058202   0.056427   0.054516   0.052481   0.050330   0.048065   0.045690   0.043208   0.040622   0.037932   0.035138   0.032240   0.029239   0.026136   0.022929   0.019617   0.016198   0.012671   0.009035   0.005291   0.001439   -0.002522   -0.006591   -0.010770   -0.015053   -0.019432   -0.023885   -0.028374   -0.032845   -0.037235   -0.041473   -0.045489   -0.049221   -0.052628   -0.055687   -0.058388   -0.060742   -0.062784   -0.064575   
0.061429   0.063292   0.064453   0.065045   0.065175   0.064923   0.064351   0.063497   0.062392   0.061062   0.059535   0.057837   0.055992   0.054013   0.051908   0.049682   0.047338   0.044881   0.042312   0.039632   0.036839   0.033937   0.030926   0.027806   0.024577   0.021237   0.017784   0.014217   0.010535   0.006739   0.002827   -0.001199   -0.005342   -0.009600   -0.013972   -0.018453   -0.023029   -0.027668   -0.032322   -0.036929   -0.041419   -0.045715   -0.049746   -0.053457   -0.056815   -0.059804   -0.062424   -0.064698   -0.066678   -0.068437   
0.062970   0.064353   0.065141   0.065456   0.065383   0.064981   0.064289   0.063335   0.062144   0.060740   0.059148   0.057393   0.055494   0.053458   0.051291   0.048998   0.046584   0.044049   0.041393   0.038619   0.035728   0.032721   0.029598   0.026360   0.023004   0.019529   0.015934   0.012217   0.008380   0.004420   0.000338   -0.003867   -0.008194   -0.012644   -0.017214   -0.021895   -0.026666   -0.031486   -0.036297   -0.041029   -0.045604   -0.049942   -0.053974   -0.057655   -0.060960   -0.063880   -0.066425   -0.068633   -0.070569   -0.072321   
0.063843   0.064847   0.065365   0.065491   0.065289   0.064794   0.064028   0.063012   0.061766   0.060314   0.058681   0.056887   0.054944   0.052860   0.050640   0.048289   0.045806   0.043195   0.040456   0.037592   0.034605   0.031494   0.028260   0.024902   0.021418   0.017807   0.014069   0.010201   0.006205   0.002079   -0.002177   -0.006563   -0.011079   -0.015725   -0.020496   -0.025378   -0.030343   -0.035337   -0.040294   -0.045139   -0.049785   -0.054152   -0.058176   -0.061822   -0.065072   -0.067925   -0.070405   -0.072562   -0.074475   -0.076240   
0.064075   0.064826   0.065181   0.065204   0.064937   0.064400   0.063600   0.062553   0.061279   0.059804   0.058148   0.056328   0.054353   0.052231   0.049965   0.047557   0.045009   0.042326   0.039508   0.036557   0.033474   0.030259   0.026913   0.023434   0.019821   0.016074   0.012190   0.008170   0.004012   -0.000284   -0.004717   -0.009288   -0.013997   -0.018842   -0.023817   -0.028901   -0.034055   -0.039216   -0.044312   -0.049257   -0.053961   -0.058345   -0.062355   -0.065963   -0.069159   -0.071952   -0.074377   -0.076499   -0.078408   -0.080208   
0.063711   0.064339   0.064636   0.064636   0.064361   0.063823   0.063025   0.061978   0.060703   0.059224   0.057560   0.055727   0.053731   0.051576   0.049267   0.046807   0.044200   0.041448   0.038553   0.035515   0.032337   0.029018   0.025559   0.021959   0.018216   0.014330   0.010299   0.006122   0.001799   -0.002669   -0.007282   -0.012042   -0.016947   -0.021996   -0.027177   -0.032462   -0.037801   -0.043123   -0.048347   -0.053381   -0.058131   -0.062524   -0.066515   -0.070084   -0.073230   -0.075969   -0.078352   -0.080456   -0.082382   -0.084234   
0.062791   0.063426   0.063765   0.063817   0.063589   0.063088   0.062323   0.061304   0.060050   0.058586   0.056930   0.055094   0.053082   0.050900   0.048553   0.046047   0.043383   0.040564   0.037592   0.034469   0.031196   0.027773   0.024200   0.020478   0.016603   0.012576   0.008394   0.004058   -0.000431   -0.005075   -0.009873   -0.014825   -0.019931   -0.025187   -0.030575   -0.036060   -0.041579   -0.047055   -0.052398   -0.057509   -0.062296   -0.066692   -0.070662   -0.074193   -0.077292   -0.079988   -0.082342   -0.084444   -0.086404   -0.088328   
0.061331   0.062113   0.062592   0.062766   0.062636   0.062212   0.061511   0.060544   0.059332   0.057901   0.056265   0.054432   0.052411   0.050208   0.047830   0.045280   0.042561   0.039677   0.036630   0.033421   0.030052   0.026525   0.022838   0.018991   0.014983   0.010811   0.006477   0.001979   -0.002681   -0.007503   -0.012489   -0.017638   -0.022949   -0.028414   -0.034012   -0.039693   -0.045387   -0.051010   -0.056462   -0.061642   -0.066457   -0.070852   -0.074801   -0.078297   -0.081355   -0.084017   -0.086356   -0.088474   -0.090485   -0.092497   
0.059347   0.060404   0.061126   0.061494   0.061516   0.061209   0.060598   0.059709   0.058562   0.057177   0.055567   0.053746   0.051723   0.049506   0.047099   0.044507   0.041736   0.038788   0.035666   0.032372   0.028908   0.025275   0.021473   0.017499   0.013354   0.009036   0.004547   -0.000115   -0.004948   -0.009954   -0.015131   -0.020481   -0.026001   -0.031679   -0.037485   -0.043360   -0.049225   -0.054987   -0.060540   -0.065778   -0.070616   -0.075009   -0.078936   -0.082401   -0.085426   -0.088065   -0.090403   -0.092554   -0.094632   -0.096747   
0.057056   0.058324   0.059367   0.060007   0.060236   0.060086   0.059598   0.058811   0.057743   0.056415   0.054843   0.053043   0.051024   0.048795   0.046362   0.043733   0.040910   0.037899   0.034702   0.031323   0.027764   0.024024   0.020104   0.016002   0.011718   0.007252   0.002604   -0.002225   -0.007235   -0.012427   -0.017801   -0.023356   -0.029087   -0.034981   -0.040995   -0.047060   -0.053091   -0.058985   -0.064630   -0.069919   -0.074777   -0.079166   -0.083075   -0.086513   -0.089513   -0.092140   -0.094492   -0.096690   -0.098852   -0.101082   
0.054709   0.056055   0.057327   0.058299   0.058797   0.058851   0.058519   0.057852   0.056880   0.055621   0.054098   0.052325   0.050315   0.048078   0.045623   0.042957   0.040085   0.037011   0.033741   0.030276   0.026619   0.022771   0.018731   0.014499   0.010074   0.005457   0.000649   -0.004351   -0.009542   -0.014924   -0.020498   -0.026262   -0.032209   -0.038320   -0.044540   -0.050793   -0.056984   -0.063003   -0.068733   -0.074068   -0.078943   -0.083329   -0.087221   -0.090638   -0.093622   -0.096249   -0.098630   -0.100890   -0.103149   -0.105509   
0.052435   0.053789   0.055139   0.056373   0.057199   0.057506   0.057362   0.056837   0.055977   0.054801   0.053333   0.051594   0.049598   0.047357   0.044883   0.042182   0.039261   0.036126   0.032781   0.029230   0.025475   0.021517   0.017356   0.012991   0.008423   0.003652   -0.001320   -0.006494   -0.011868   -0.017445   -0.023223   -0.029200   -0.035367   -0.041695   -0.048121   -0.054558   -0.060904   -0.067042   -0.072849   -0.078226   -0.083117   -0.087500   -0.091381   -0.094783   -0.097759   -0.100399   -0.102822   -0.105158   -0.107529   -0.110029   
0.050223   0.051594   0.052955   0.054306   0.055436   0.056047   0.056129   0.055771   0.055037   0.053954   0.052551   0.050852   0.048874   0.046634   0.044142   0.041408   0.038439   0.035243   0.031824   0.028186   0.024331   0.020262   0.015977   0.011477   0.006764   0.001837   -0.003303   -0.008653   -0.014216   -0.019991   -0.025977   -0.032171   -0.038560   -0.045106   -0.051735   -0.058353   -0.064850   -0.071101   -0.076980   -0.082395   -0.087302   -0.091686   -0.095560   -0.098953   -0.101932   -0.104596   -0.107075   -0.109500   -0.111996   -0.114646   
0.048064   0.049462   0.050841   0.052216   0.053531   0.054466   0.054817   0.054652   0.054059   0.053083   0.051753   0.050100   0.048147   0.045909   0.043402   0.040636   0.037621   0.034363   0.030869   0.027143   0.023188   0.019005   0.014595   0.009958   0.005096   0.000010   -0.005299   -0.010831   -0.016585   -0.022562   -0.028760   -0.035175   -0.041790   -0.048554   -0.055385   -0.062180   -0.068822   -0.075180   -0.081126   -0.086578   -0.091502   -0.095890   -0.099761   -0.103154   -0.106144   -0.108846   -0.111392   -0.113920   -0.116552   -0.119362   
0.045951   0.047388   0.048793   0.050184   0.051566   0.052765   0.053421   0.053480   0.053046   0.052188   0.050941   0.049341   0.047415   0.045183   0.042663   0.039867   0.036806   0.033486   0.029917   0.026102   0.022044   0.017746   0.013209   0.008433   0.003420   -0.001828   -0.007310   -0.013026   -0.018976   -0.025159   -0.031573   -0.038213   -0.045055   -0.052037   -0.059068   -0.066038   -0.072821   -0.079280   -0.085289   -0.090778   -0.095720   -0.100116   -0.103989   -0.107389   -0.110402   -0.113152   -0.115779   -0.118421   -0.121201   -0.124178   
0.043879   0.045364   0.046803   0.048218   0.049625   0.050973   0.051932   0.052250   0.051996   0.051269   0.050114   0.048574   0.046680   0.044458   0.041927   0.039102   0.035994   0.032613   0.028967   0.025062   0.020901   0.016486   0.011819   0.006902   0.001735   -0.003678   -0.009337   -0.015240   -0.021389   -0.027782   -0.034417   -0.041286   -0.048357   -0.055556   -0.062785   -0.069926   -0.076846   -0.083401   -0.089471   -0.094997   -0.099960   -0.104367   -0.108249   -0.111664   -0.114709   -0.117520   -0.120238   -0.123008   -0.125945   -0.129095   
0.041842   0.043383   0.044868   0.046315   0.047744   0.049155   0.050353   0.050959   0.050911   0.050328   0.049274   0.047799   0.045943   0.043733   0.041193   0.038339   0.035185   0.031743   0.028020   0.024024   0.019758   0.015224   0.010425   0.005363   0.000041   -0.005540   -0.011379   -0.017474   -0.023826   -0.030433   -0.037293   -0.044394   -0.051694   -0.059110   -0.066536   -0.073846   -0.080898   -0.087544   -0.093675   -0.099239   -0.104225   -0.108648   -0.112544   -0.115982   -0.119071   -0.121952   -0.124774   -0.127681   -0.130786   -0.134113   
0.039835   0.041442   0.042981   0.044468   0.045924   0.047365   0.048709   0.049599   0.049786   0.049362   0.048421   0.047019   0.045203   0.043009   0.040461   0.037580   0.034381   0.030876   0.027076   0.022988   0.018614   0.013960   0.009027   0.003818   -0.001663   -0.007416   -0.013437   -0.019728   -0.026286   -0.033112   -0.040201   -0.047537   -0.055067   -0.062700   -0.070320   -0.077796   -0.084977   -0.091712   -0.097901   -0.103505   -0.108518   -0.112961   -0.116878   -0.120348   -0.123489   -0.126452   -0.129388   -0.132445   -0.135725   -0.139233   
0.037857   0.039536   0.041136   0.042671   0.044161   0.045628   0.047047   0.048171   0.048619   0.048372   0.047554   0.046232   0.044462   0.042285   0.039732   0.036824   0.033580   0.030013   0.026135   0.021952   0.017470   0.012693   0.007624   0.002266   -0.003378   -0.009304   -0.015512   -0.022002   -0.028771   -0.035819   -0.043141   -0.050715   -0.058477   -0.066325   -0.074139   -0.081777   -0.089083   -0.095904   -0.102153   -0.107798   -0.112842   -0.117311   -0.121254   -0.124764   -0.127969   -0.131023   -0.134084   -0.137300   -0.140762   -0.144456   
0.035904   0.037661   0.039328   0.040917   0.042449   0.043944   0.045405   0.046690   0.047404   0.047357   0.046673   0.045438   0.043719   0.041563   0.039006   0.036072   0.032783   0.029153   0.025195   0.020917   0.016325   0.011423   0.006215   0.000705   -0.005103   -0.011207   -0.017605   -0.024297   -0.031281   -0.038556   -0.046115   -0.053929   -0.061922   -0.069986   -0.077992   -0.085790   -0.093217   -0.100123   -0.106432   -0.112122   -0.117199   -0.121698   -0.125676   -0.129234   -0.132511   -0.135667   -0.138863   -0.142248   -0.145899   -0.149782   
0.033973   0.035814   0.037553   0.039203   0.040782   0.042311   0.043804   0.045188   0.046139   0.046315   0.045778   0.044638   0.042974   0.040842   0.038282   0.035324   0.031990   0.028297   0.024258   0.019883   0.015179   0.010150   0.004801   -0.000863   -0.006839   -0.013123   -0.019715   -0.026614   -0.033817   -0.041323   -0.049122   -0.057178   -0.065403   -0.073683   -0.081879   -0.089835   -0.097379   -0.104370   -0.110741   -0.116477   -0.121593   -0.126127   -0.130146   -0.133762   -0.137120   -0.140387   -0.143728   -0.147290   -0.151136   -0.155211   
0.032060   0.033990   0.035807   0.037524   0.039155   0.040723   0.042247   0.043694   0.044831   0.045245   0.044868   0.043832   0.042228   0.040123   0.037562   0.034579   0.031200   0.027443   0.023323   0.018850   0.014031   0.008873   0.003381   -0.002441   -0.008587   -0.015055   -0.021844   -0.028953   -0.036379   -0.044119   -0.052163   -0.060462   -0.068921   -0.077415   -0.085800   -0.093912   -0.101571   -0.108646   -0.115081   -0.120867   -0.126026   -0.130601   -0.134668   -0.138348   -0.141797   -0.145184   -0.148680   -0.152427   -0.156473   -0.160744   
0.030164   0.032187   0.034087   0.035875   0.037564   0.039176   0.040734   0.042225   0.043494   0.044143   0.043943   0.043019   0.041480   0.039405   0.036845   0.033838   0.030414   0.026592   0.022389   0.017816   0.012882   0.007592   0.001954   -0.004027   -0.010347   -0.017002   -0.023992   -0.031315   -0.038968   -0.046947   -0.055238   -0.063783   -0.072475   -0.081183   -0.089757   -0.098021   -0.105794   -0.112953   -0.119454   -0.125294   -0.130499   -0.135120   -0.139243   -0.142997   -0.146544   -0.150061   -0.153721   -0.157660   -0.161910   -0.166380   
0.028281   0.030402   0.032390   0.034253   0.036005   0.037667   0.039261   0.040791   0.042151   0.043006   0.043001   0.042199   0.040732   0.038688   0.036131   0.033101   0.029631   0.025744   0.021457   0.016782   0.011730   0.006307   0.000521   -0.005623   -0.012119   -0.018965   -0.026160   -0.033700   -0.041584   -0.049806   -0.058348   -0.067139   -0.076065   -0.084988   -0.093748   -0.102163   -0.110048   -0.117293   -0.123862   -0.129759   -0.135015   -0.139688   -0.143874   -0.147709   -0.151364   -0.155018   -0.158851   -0.162990   -0.167447   -0.172120   
0.026410   0.028633   0.030712   0.032654   0.034474   0.036190   0.037825   0.039391   0.040817   0.041841   0.042042   0.041373   0.039981   0.037973   0.035419   0.032367   0.028851   0.024898   0.020526   0.015748   0.010576   0.005017   -0.000920   -0.007229   -0.013905   -0.020945   -0.028347   -0.036109   -0.044227   -0.052697   -0.061492   -0.070531   -0.079692   -0.088829   -0.097775   -0.106338   -0.114335   -0.121668   -0.128308   -0.134265   -0.139577   -0.144307   -0.148562   -0.152486   -0.156256   -0.160058   -0.164072   -0.168417   -0.173084   -0.177964   
0.024549   0.026877   0.029050   0.031077   0.032969   0.034743   0.036424   0.038026   0.039504   0.040658   0.041064   0.040539   0.039229   0.037260   0.034711   0.031636   0.028074   0.024054   0.019595   0.014713   0.009419   0.003723   -0.002368   -0.008845   -0.015704   -0.022941   -0.030555   -0.038542   -0.046900   -0.055620   -0.064671   -0.073959   -0.083356   -0.092707   -0.101838   -0.110547   -0.118656   -0.126077   -0.132791   -0.138812   -0.144185   -0.148980   -0.153311   -0.157331   -0.161224   -0.165180   -0.169384   -0.173941   -0.178822   -0.183912   
0.022695   0.025132   0.027404   0.029518   0.031486   0.033323   0.035053   0.036693   0.038217   0.039470   0.040066   0.039697   0.038475   0.036547   0.034005   0.030908   0.027300   0.023212   0.018665   0.013677   0.008259   0.002422   -0.003824   -0.010472   -0.017517   -0.024955   -0.032784   -0.041000   -0.049600   -0.058576   -0.067885   -0.077424   -0.087056   -0.096622   -0.105936   -0.114791   -0.123012   -0.130524   -0.137315   -0.143404   -0.148842   -0.153706   -0.158120   -0.162244   -0.166268   -0.170388   -0.174788   -0.179562   -0.184661   -0.189965   
0.020848   0.023397   0.025770   0.027976   0.030023   0.031927   0.033710   0.035391   0.036957   0.038286   0.039048   0.038846   0.037719   0.035836   0.033302   0.030183   0.026529   0.022371   0.017736   0.012639   0.007095   0.001116   -0.005288   -0.012110   -0.019344   -0.026986   -0.035034   -0.043483   -0.052331   -0.061564   -0.071134   -0.080925   -0.090795   -0.100575   -0.110071   -0.119069   -0.127403   -0.135009   -0.141880   -0.148041   -0.153549   -0.158489   -0.162992   -0.167227   -0.171389   -0.175681   -0.180284   -0.185280   -0.190601   -0.196122   
0.019007   0.021669   0.024148   0.026448   0.028578   0.030553   0.032392   0.034118   0.035725   0.037115   0.038016   0.037986   0.036961   0.035126   0.032601   0.029461   0.025760   0.021533   0.016806   0.011599   0.005928   -0.000196   -0.006761   -0.013760   -0.021186   -0.029036   -0.037306   -0.045992   -0.055090   -0.064586   -0.074418   -0.084463   -0.094570   -0.104564   -0.114243   -0.123384   -0.131832   -0.139534   -0.146488   -0.152725   -0.158308   -0.163330   -0.167929   -0.172281   -0.176589   -0.181060   -0.185873   -0.191095   -0.196641   -0.202382   
0.017170   0.019948   0.022535   0.024933   0.027149   0.029198   0.031098   0.032871   0.034518   0.035961   0.036975   0.037117   0.036201   0.034417   0.031903   0.028742   0.024993   0.020695   0.015876   0.010558   0.004756   -0.001514   -0.008243   -0.015421   -0.023043   -0.031104   -0.039600   -0.048527   -0.057880   -0.067641   -0.077737   -0.088037   -0.098383   -0.108592   -0.118451   -0.127735   -0.136300   -0.144100   -0.151140   -0.157457   -0.163120   -0.168230   -0.172930   -0.177406   -0.181868   -0.186526   -0.191555   -0.197007   -0.202782   -0.208747   

