------- AERODYN v15.00.* BLADE DEFINITION INPUT FILE -------------------------------------
IEA 15 MW Offshore Reference Turbine
======  Blade Properties =================================================================
60          NumBlNds    - Number of blade nodes used in the analysis (-)
    BlSpn        BlCrvAC        BlSwpAC        BlCrvAng       BlTwist        BlChord          BlAFID
     (m)           (m)            (m)            (deg)         (deg)           (m)              (-)
 0.000000000000000e+00  0.000000000000000e+00  0.000000000000000e+00  4.332352916077596e-01  1.559455301971172e+01  5.200000000000000e+00        1
 1.983047952715948e+00  1.499444075470470e-02  0.000000000000000e+00  4.837023696371510e-01  1.559185690391905e+01  5.206543999658605e+00        2
 3.966095905431896e+00  3.348217296815525e-02  0.000000000000000e+00  5.941922528814337e-01  1.550851872361971e+01  5.224605167444535e+00        3
 5.949143858147844e+00  5.612454211884093e-02  0.000000000000000e+00  6.972831807411916e-01  1.521987287256278e+01  5.262715660594648e+00        4
 7.932191810863792e+00  8.174792181864635e-02  0.000000000000000e+00  7.655814562712286e-01  1.475203335488115e+01  5.316834431682410e+00        5
 9.915239763579740e+00  1.091176098970946e-01  0.000000000000000e+00  7.991161541808496e-01  1.414087723658992e+01  5.382111089064398e+00        6
 1.189828771629569e+01  1.370620929764632e-01  0.000000000000000e+00  7.982322132228846e-01  1.341584469194056e+01  5.454157062083383e+00        7
 1.388133566901164e+01  1.643705993405739e-01  0.000000000000000e+00  7.626676602638072e-01  1.261272243102138e+01  5.528187880411024e+00        8
 1.586438362172759e+01  1.898534815594068e-01  0.000000000000000e+00  6.919543574567223e-01  1.176372697499550e+01  5.599639307026841e+00        9
 1.784743157444354e+01  2.122675065197544e-01  0.000000000000000e+00  5.872215246455549e-01  1.090183636062260e+01  5.663773532062462e+00       10
 1.983047952715948e+01  2.305010847771503e-01  0.000000000000000e+00  4.474317608638798e-01  1.005994852953283e+01  5.716196027663607e+00       11
 2.181352747987543e+01  2.432390589372545e-01  0.000000000000000e+00  2.724120527986106e-01  9.271972397735446e+00  5.751940245604294e+00       12
 2.379657543259138e+01  2.493577661226326e-01  0.000000000000000e+00  1.011097475046319e-01  8.570277263563405e+00  5.766605057754999e+00       13
 2.577962338530732e+01  2.502380168160024e-01  0.000000000000000e+00  7.730163637828410e-03  7.967433645365507e+00  5.760715642222467e+00       14
 2.776267133802327e+01  2.498928591176113e-01  0.000000000000000e+00 -2.230683486951989e-02  7.426228684654973e+00  5.729252122918091e+00       15
 2.974571929073922e+01  2.486939058019629e-01  0.000000000000000e+00 -4.334907355878063e-02  6.897572526177749e+00  5.663590233015905e+00       16
 3.172876724345517e+01  2.468921744562893e-01  0.000000000000000e+00 -6.115187601470214e-02  6.370683363987690e+00  5.570443413624737e+00       17
 3.371181519617112e+01  2.444608861784219e-01  0.000000000000000e+00 -7.754691480462370e-02  5.861841510967386e+00  5.455051312661004e+00       18
 3.569486314888707e+01  2.415242676052022e-01  0.000000000000000e+00 -9.330866730996640e-02  5.373885916219550e+00  5.330877208125675e+00       19
 3.767791110160301e+01  2.380019294642723e-01  0.000000000000000e+00 -1.033388676805165e-01  4.911520988914757e+00  5.200541631876930e+00       20
 3.966095905431896e+01  2.343710070813779e-01  0.000000000000000e+00 -1.153228140865532e-01  4.481889072372947e+00  5.074494978771415e+00       21
 4.164400700703491e+01  2.300191245209826e-01  0.000000000000000e+00 -1.615449380907669e-01  4.087843115725224e+00  4.957518281179468e+00       22
 4.362705495975086e+01  2.231886499502005e-01  0.000000000000000e+00 -2.856589682639442e-01  3.728069181182577e+00  4.850449089973735e+00       23
 4.561010291246680e+01  2.102454835936755e-01  0.000000000000000e+00 -4.792173536838007e-01  3.402623427661638e+00  4.756100575660573e+00       24
 4.759315086518276e+01  1.900169252478802e-01  0.000000000000000e+00 -7.189221841206820e-01  3.097660177650956e+00  4.662298803163273e+00       25
 4.957619881789870e+01  1.604819663414981e-01  0.000000000000000e+00 -1.002755216087855e+00  2.809615749365720e+00  4.567894845507911e+00       26
 5.155924677061464e+01  1.206083166616512e-01  0.000000000000000e+00 -1.223254544022321e+00  2.537688021473611e+00  4.473778521896082e+00       27
 5.354229472333060e+01  7.581296767653851e-02  0.000000000000000e+00 -1.365386936498677e+00  2.280530151693785e+00  4.380591970636862e+00       28
 5.552534267604655e+01  2.610322306706566e-02  0.000000000000000e+00 -1.494607369341417e+00  2.036290763837324e+00  4.288763089863664e+00       29
 5.750839062876250e+01 -2.763416166395433e-02  0.000000000000000e+00 -1.573416748291961e+00  1.803668610353349e+00  4.198432492736343e+00       30
 5.949143858147843e+01 -8.279724878314448e-02  0.000000000000000e+00 -1.619573154155860e+00  1.579724994829700e+00  4.110159554881221e+00       31
 6.147448653419440e+01 -1.397284057017507e-01  0.000000000000000e+00 -1.729813735550196e+00  1.364547038714178e+00  4.024212948577595e+00       32
 6.345753448691033e+01 -2.025192430863461e-01  0.000000000000000e+00 -1.979930862953029e+00  1.160755178941999e+00  3.940652701258549e+00       33
 6.544058243962627e+01 -2.767547800789439e-01  0.000000000000000e+00 -2.276105758760766e+00  9.711613653302938e-01  3.859662436023815e+00       34
 6.742363039234223e+01 -3.600331062046166e-01  0.000000000000000e+00 -2.558817793957008e+00  7.917862262712138e-01  3.780476615658397e+00       35
 6.940667834505818e+01 -4.538209386403861e-01  0.000000000000000e+00 -2.811329264780904e+00  6.222414633918815e-01  3.702956654573487e+00       36
 7.138972629777413e+01 -5.545592660508678e-01  0.000000000000000e+00 -2.995392929138868e+00  4.569068624626515e-01  3.626368776625966e+00       37
 7.337277425049008e+01 -6.610718887417653e-01  0.000000000000000e+00 -3.142813562094056e+00  2.932377649202433e-01  3.550370128555631e+00       38
 7.535582220320602e+01 -7.720002439753678e-01  0.000000000000000e+00 -3.242046265619111e+00  1.289797527601318e-01  3.474513832661270e+00       39
 7.733887015592197e+01 -8.853712358122214e-01  0.000000000000000e+00 -3.302417437661900e+00 -4.024557964499003e-02  3.398290624679259e+00       40
 7.932191810863792e+01 -1.000471756415429e+00  0.000000000000000e+00 -3.336125498966449e+00 -2.211775157115235e-01  3.321542311520107e+00       41
 8.130496606135388e+01 -1.116172154110413e+00  0.000000000000000e+00 -3.423739289298654e+00 -4.190720966213148e-01  3.243934554774834e+00       42
 8.328801401406982e+01 -1.237326876750833e+00  0.000000000000000e+00 -3.593124058849166e+00 -6.454620774112163e-01  3.167032544741538e+00       43
 8.527106196678577e+01 -1.364730351433881e+00  0.000000000000000e+00 -3.762650849369150e+00 -9.057992896066394e-01  3.090926993641385e+00       44
 8.725410991950172e+01 -1.497595788410006e+00  0.000000000000000e+00 -3.915115154358283e+00 -1.174709379085137e+00  3.014960118799895e+00       45
 8.923715787221765e+01 -1.635529377556717e+00  0.000000000000000e+00 -4.058928799471198e+00 -1.440517665543388e+00  2.938820565041170e+00       46
 9.122020582493360e+01 -1.778325705573893e+00  0.000000000000000e+00 -4.185388056395731e+00 -1.684693100842469e+00  2.861933931881742e+00       47
 9.320325377764956e+01 -1.924990338508275e+00  0.000000000000000e+00 -4.290673635247789e+00 -1.898748879580998e+00  2.783971229757468e+00       48
 9.518630173036551e+01 -2.075054756007714e+00  0.000000000000000e+00 -4.386853383991664e+00 -2.073295170878826e+00  2.704352601935218e+00       49
 9.716934968308146e+01 -2.228358008319706e+00  0.000000000000000e+00 -4.476545037668383e+00 -2.152921700592956e+00  2.622619049787936e+00       50
 9.915239763579740e+01 -2.384612447183380e+00  0.000000000000000e+00 -4.579698032533024e+00 -2.173827008563927e+00  2.538450505965624e+00       51
 1.011354455885133e+02 -2.545033809264156e+00  0.000000000000000e+00 -4.716347713545238e+00 -2.172712054673044e+00  2.452180146359603e+00       52
 1.031184935412293e+02 -2.710716224482622e+00  0.000000000000000e+00 -4.864145657561680e+00 -2.150100421966622e+00  2.364101362635264e+00       53
 1.051015414939452e+02 -2.881332633846358e+00  0.000000000000000e+00 -5.005846522735290e+00 -2.104176329167060e+00  2.274238695959324e+00       54
 1.070845894466612e+02 -3.056787421781153e+00  0.000000000000000e+00 -5.141742088408930e+00 -2.036555806935318e+00  2.182680088026449e+00       55
 1.090676373993771e+02 -3.236773854847824e+00  0.000000000000000e+00 -5.274976874167110e+00 -1.945192846989925e+00  2.089437970881585e+00       56
 1.110506853520931e+02 -3.421413264355090e+00  0.000000000000000e+00 -5.404679076335923e+00 -1.821986377947918e+00  1.994569292423162e+00       57
 1.130337333048090e+02 -3.610338904641139e+00  0.000000000000000e+00 -5.523931211635613e+00 -1.663878852029981e+00  1.899623494249247e+00       58
 1.150167812575250e+02 -3.803195604071204e+00  0.000000000000000e+00 -5.638292959862856e+00 -1.471995116170158e+00  1.794447639708302e+00       59
 1.169998292102409e+02 -3.999999999999996e+00  0.000000000000000e+00 -5.695603028272874e+00 -1.242387706272970e+00  5.000000000000001e-01       60
