 ------- BEAMDYN V1.00.* INDIVIDUAL BLADE INPUT FILE --------------------------
 Test Format 1
 ---------------------- BLADE PARAMETERS --------------------------------------
26   station_total    - Number of blade input stations (-)
 1   damp_type        - Damping type: 0: no damping; 1: damped
  ---------------------- DAMPING COEFFICIENT------------------------------------
   mu1        mu2        mu3        mu4        mu5        mu6
   (-)        (-)        (-)        (-)        (-)        (-)
	 3.03960e-03 	 2.02640e-03 	 2.02640e-03 	 2.02640e-03 	 3.03960e-03 	 2.02640e-03
 ---------------------- DISTRIBUTED PROPERTIES---------------------------------
	 0.000000 
	 6.7390355250446749e+09 	 9.4004735184259107e+05 	 0.0000000000000000e+00 	 0.0000000000000000e+00 	 0.0000000000000000e+00 	 -1.0115134665017305e+07
	 9.4004735170674801e+05 	 6.7266498481351194e+09 	 0.0000000000000000e+00 	 0.0000000000000000e+00 	 0.0000000000000000e+00 	 3.8449766995788872e+07
	 0.0000000000000000e+00 	 0.0000000000000000e+00 	 4.6038157334468063e+10 	 -9.1880105001922976e+06 	 2.1945312150662370e+07 	 0.0000000000000000e+00
	 0.0000000000000000e+00 	 0.0000000000000000e+00 	 -9.1880104976891410e+06 	 1.4946498079585098e+11 	 1.5970948927068209e+07 	 0.0000000000000000e+00
	 0.0000000000000000e+00 	 0.0000000000000000e+00 	 2.1945312161548242e+07 	 1.5970948923292205e+07 	 1.4961530320185165e+11 	 0.0000000000000000e+00
	 -1.0115134665039042e+07 	 3.8449766995779902e+07 	 0.0000000000000000e+00 	 0.0000000000000000e+00 	 0.0000000000000000e+00 	 8.7412266624599869e+10

	 3.1265243837779931e+03 	 0.0000000000000000e+00 	 0.0000000000000000e+00 	 0.0000000000000000e+00 	 0.0000000000000000e+00 	 3.6329920970084373e-01
	 0.0000000000000000e+00 	 3.1265243837779931e+03 	 0.0000000000000000e+00 	 0.0000000000000000e+00 	 0.0000000000000000e+00 	 -4.4504724652724242e-01
	 0.0000000000000000e+00 	 0.0000000000000000e+00 	 3.1265243837779931e+03 	 -3.6329920970084373e-01 	 4.4504724652724242e-01 	 0.0000000000000000e+00
	 0.0000000000000000e+00 	 0.0000000000000000e+00 	 -3.6329920970084373e-01 	 1.0156844343029057e+04 	 3.6603095057448640e+00 	 0.0000000000000000e+00
	 0.0000000000000000e+00 	 0.0000000000000000e+00 	 4.4504724652724242e-01 	 3.6603095057448640e+00 	 1.0158559351193457e+04 	 0.0000000000000000e+00
	 3.6329920970084373e-01 	 -4.4504724652724242e-01 	 0.0000000000000000e+00 	 0.0000000000000000e+00 	 0.0000000000000000e+00 	 2.0315403694222532e+04

	 0.010000 
	 6.3831294147917147e+09 	 -2.1958676187542877e+06 	 0.0000000000000000e+00 	 0.0000000000000000e+00 	 0.0000000000000000e+00 	 -8.2294390760040591e+06
	 -2.1958676183765135e+06 	 6.3858498407485743e+09 	 0.0000000000000000e+00 	 0.0000000000000000e+00 	 0.0000000000000000e+00 	 1.6767273404155565e+07
	 0.0000000000000000e+00 	 0.0000000000000000e+00 	 4.3737323418712029e+10 	 -3.8170138198409788e+06 	 2.1696112189401146e+06 	 0.0000000000000000e+00
	 0.0000000000000000e+00 	 0.0000000000000000e+00 	 -3.8170138198839780e+06 	 1.4217117253959561e+11 	 -1.9168065026133305e+08 	 0.0000000000000000e+00
	 0.0000000000000000e+00 	 0.0000000000000000e+00 	 2.1696112173673287e+06 	 -1.9168065026283574e+08 	 1.4301325189362863e+11 	 0.0000000000000000e+00
	 -8.2294390760051943e+06 	 1.6767273404153369e+07 	 0.0000000000000000e+00 	 0.0000000000000000e+00 	 0.0000000000000000e+00 	 8.3204118523663300e+10

	 2.9637820251020025e+03 	 0.0000000000000000e+00 	 0.0000000000000000e+00 	 0.0000000000000000e+00 	 0.0000000000000000e+00 	 4.8917213441858676e-02
	 0.0000000000000000e+00 	 2.9637820251020025e+03 	 0.0000000000000000e+00 	 0.0000000000000000e+00 	 0.0000000000000000e+00 	 -9.0492314093510370e-02
	 0.0000000000000000e+00 	 0.0000000000000000e+00 	 2.9637820251020025e+03 	 -4.8917213441858676e-02 	 9.0492314093510370e-02 	 0.0000000000000000e+00
	 0.0000000000000000e+00 	 0.0000000000000000e+00 	 -4.8917213441858676e-02 	 9.6601037441063818e+03 	 1.8438594910816590e+00 	 0.0000000000000000e+00
	 0.0000000000000000e+00 	 0.0000000000000000e+00 	 9.0492314093510370e-02 	 1.8438594910816590e+00 	 9.6690876521676491e+03 	 0.0000000000000000e+00
	 4.8917213441858676e-02 	 -9.0492314093510370e-02 	 0.0000000000000000e+00 	 0.0000000000000000e+00 	 0.0000000000000000e+00 	 1.9329191396273964e+04

	 0.020000 
	 6.0262199593677807e+09 	 -1.0805634687553117e+07 	 0.0000000000000000e+00 	 0.0000000000000000e+00 	 0.0000000000000000e+00 	 -2.0157179748770725e+06
	 -1.0805634687247157e+07 	 6.0543666141493406e+09 	 0.0000000000000000e+00 	 0.0000000000000000e+00 	 0.0000000000000000e+00 	 1.3239547673729468e+07
	 0.0000000000000000e+00 	 0.0000000000000000e+00 	 4.1541387998320206e+10 	 2.9757731695017121e+06 	 -9.4037280784382150e+07 	 0.0000000000000000e+00
	 0.0000000000000000e+00 	 0.0000000000000000e+00 	 2.9757731699103052e+06 	 1.3490206313804210e+11 	 -4.8129040007482541e+08 	 0.0000000000000000e+00
	 0.0000000000000000e+00 	 0.0000000000000000e+00 	 -9.4037280781774119e+07 	 -4.8129040007507050e+08 	 1.3665775595015756e+11 	 0.0000000000000000e+00
	 -2.0157179748858484e+06 	 1.3239547673737522e+07 	 0.0000000000000000e+00 	 0.0000000000000000e+00 	 0.0000000000000000e+00 	 7.8929448178193527e+10

	 2.8032193647291069e+03 	 0.0000000000000000e+00 	 0.0000000000000000e+00 	 0.0000000000000000e+00 	 0.0000000000000000e+00 	 -1.1560753962750701e+00
	 0.0000000000000000e+00 	 2.8032193647291069e+03 	 0.0000000000000000e+00 	 0.0000000000000000e+00 	 0.0000000000000000e+00 	 6.0553486388529878e+00
	 0.0000000000000000e+00 	 0.0000000000000000e+00 	 2.8032193647291069e+03 	 1.1560753962750701e+00 	 -6.0553486388529878e+00 	 0.0000000000000000e+00
	 0.0000000000000000e+00 	 0.0000000000000000e+00 	 1.1560753962750701e+00 	 9.1625845731652953e+03 	 2.2538920694619646e+00 	 0.0000000000000000e+00
	 0.0000000000000000e+00 	 0.0000000000000000e+00 	 -6.0553486388529878e+00 	 2.2538920694619646e+00 	 9.1665654419702933e+03 	 0.0000000000000000e+00
	 -1.1560753962750701e+00 	 6.0553486388529878e+00 	 0.0000000000000000e+00 	 0.0000000000000000e+00 	 0.0000000000000000e+00 	 1.8329150015135576e+04

	 0.030000 
	 5.3986744594481249e+09 	 2.1624090397341112e+06 	 0.0000000000000000e+00 	 0.0000000000000000e+00 	 0.0000000000000000e+00 	 1.2048663271610726e+08
	 2.1624090402235803e+06 	 5.7578293567758722e+09 	 0.0000000000000000e+00 	 0.0000000000000000e+00 	 0.0000000000000000e+00 	 3.9040928744040824e+07
	 0.0000000000000000e+00 	 0.0000000000000000e+00 	 3.8662607778832748e+10 	 -8.3168168761370301e+08 	 -2.6625045088402164e+08 	 0.0000000000000000e+00
	 0.0000000000000000e+00 	 0.0000000000000000e+00 	 -8.3168168761520529e+08 	 1.2305671022504135e+11 	 -1.3287539094686093e+09 	 0.0000000000000000e+00
	 0.0000000000000000e+00 	 0.0000000000000000e+00 	 -2.6625045088374820e+08 	 -1.3287539094682529e+09 	 1.1943925677058220e+11 	 0.0000000000000000e+00
	 1.2048663271608937e+08 	 3.9040928744047627e+07 	 0.0000000000000000e+00 	 0.0000000000000000e+00 	 0.0000000000000000e+00 	 6.9917918356863602e+10

	 2.5906425534782629e+03 	 0.0000000000000000e+00 	 0.0000000000000000e+00 	 0.0000000000000000e+00 	 0.0000000000000000e+00 	 5.2817765995996986e+01
	 0.0000000000000000e+00 	 2.5906425534782629e+03 	 0.0000000000000000e+00 	 0.0000000000000000e+00 	 0.0000000000000000e+00 	 1.7298857544642946e+01
	 0.0000000000000000e+00 	 0.0000000000000000e+00 	 2.5906425534782629e+03 	 -5.2817765995996986e+01 	 -1.7298857544642946e+01 	 0.0000000000000000e+00
	 0.0000000000000000e+00 	 0.0000000000000000e+00 	 -5.2817765995996986e+01 	 8.3506854144342451e+03 	 -2.8713773665074967e+01 	 0.0000000000000000e+00
	 0.0000000000000000e+00 	 0.0000000000000000e+00 	 -1.7298857544642946e+01 	 -2.8713773665074967e+01 	 7.9087568145551068e+03 	 0.0000000000000000e+00
	 5.2817765995996986e+01 	 1.7298857544642946e+01 	 0.0000000000000000e+00 	 0.0000000000000000e+00 	 0.0000000000000000e+00 	 1.6259442228989363e+04

	 0.040000 
	 4.7994402829016581e+09 	 5.9630302865661681e+06 	 0.0000000000000000e+00 	 0.0000000000000000e+00 	 0.0000000000000000e+00 	 2.4407354863233966e+08
	 5.9630302866144916e+06 	 5.4683770063168917e+09 	 0.0000000000000000e+00 	 0.0000000000000000e+00 	 0.0000000000000000e+00 	 4.7422749933810353e+07
	 0.0000000000000000e+00 	 0.0000000000000000e+00 	 3.6029912070843697e+10 	 -1.6269822394807312e+09 	 -3.1850001473671681e+08 	 0.0000000000000000e+00
	 0.0000000000000000e+00 	 0.0000000000000000e+00 	 -1.6269822394800811e+09 	 1.1193553723125983e+11 	 -2.0950112405846543e+09 	 0.0000000000000000e+00
	 0.0000000000000000e+00 	 0.0000000000000000e+00 	 -3.1850001473604727e+08 	 -2.0950112405858068e+09 	 1.0428379806999727e+11 	 0.0000000000000000e+00
	 2.4407354863234261e+08 	 4.7422749933836117e+07 	 0.0000000000000000e+00 	 0.0000000000000000e+00 	 0.0000000000000000e+00 	 6.1480813767952545e+10

	 2.3885133297171551e+03 	 0.0000000000000000e+00 	 0.0000000000000000e+00 	 0.0000000000000000e+00 	 0.0000000000000000e+00 	 1.0168547623684063e+02
	 0.0000000000000000e+00 	 2.3885133297171551e+03 	 0.0000000000000000e+00 	 0.0000000000000000e+00 	 0.0000000000000000e+00 	 2.0339328917409752e+01
	 0.0000000000000000e+00 	 0.0000000000000000e+00 	 2.3885133297171551e+03 	 -1.0168547623684063e+02 	 -2.0339328917409752e+01 	 0.0000000000000000e+00
	 0.0000000000000000e+00 	 0.0000000000000000e+00 	 -1.0168547623684063e+02 	 7.5849073057987207e+03 	 -4.8525945578828498e+01 	 0.0000000000000000e+00
	 0.0000000000000000e+00 	 0.0000000000000000e+00 	 -2.0339328917409752e+01 	 -4.8525945578828498e+01 	 6.7736769642517065e+03 	 0.0000000000000000e+00
	 1.0168547623684063e+02 	 2.0339328917409752e+01 	 0.0000000000000000e+00 	 0.0000000000000000e+00 	 0.0000000000000000e+00 	 1.4358584270050431e+04

	 0.050000 
	 4.2444837785335340e+09 	 5.7358627381591545e+06 	 0.0000000000000000e+00 	 0.0000000000000000e+00 	 0.0000000000000000e+00 	 3.6100074710699648e+08
	 5.7358627377723753e+06 	 5.1954547596996937e+09 	 0.0000000000000000e+00 	 0.0000000000000000e+00 	 0.0000000000000000e+00 	 5.2822327797067791e+07
	 0.0000000000000000e+00 	 0.0000000000000000e+00 	 3.3734996105957325e+10 	 -2.3553874368389974e+09 	 -3.4793875177491087e+08 	 0.0000000000000000e+00
	 0.0000000000000000e+00 	 0.0000000000000000e+00 	 -2.3553874368389111e+09 	 1.0232519160466681e+11 	 -2.8802112596839700e+09 	 0.0000000000000000e+00
	 0.0000000000000000e+00 	 0.0000000000000000e+00 	 -3.4793875177503622e+08 	 -2.8802112596824775e+09 	 9.1887543808587891e+10 	 0.0000000000000000e+00
	 3.6100074710696620e+08 	 5.2822327797151633e+07 	 0.0000000000000000e+00 	 0.0000000000000000e+00 	 0.0000000000000000e+00 	 5.4094925401790474e+10

	 2.2027745127274802e+03 	 0.0000000000000000e+00 	 0.0000000000000000e+00 	 0.0000000000000000e+00 	 0.0000000000000000e+00 	 1.4321529948935392e+02
	 0.0000000000000000e+00 	 2.2027745127274802e+03 	 0.0000000000000000e+00 	 0.0000000000000000e+00 	 0.0000000000000000e+00 	 2.2065052800944908e+01
	 0.0000000000000000e+00 	 0.0000000000000000e+00 	 2.2027745127274802e+03 	 -1.4321529948935392e+02 	 -2.2065052800944908e+01 	 0.0000000000000000e+00
	 0.0000000000000000e+00 	 0.0000000000000000e+00 	 -1.4321529948935392e+02 	 6.9189624539479928e+03 	 -6.5232224921190721e+01 	 0.0000000000000000e+00
	 0.0000000000000000e+00 	 0.0000000000000000e+00 	 -2.2065052800944908e+01 	 -6.5232224921190721e+01 	 5.8114172580470658e+03 	 0.0000000000000000e+00
	 1.4321529948935392e+02 	 2.2065052800944908e+01 	 0.0000000000000000e+00 	 0.0000000000000000e+00 	 0.0000000000000000e+00 	 1.2730379711995043e+04

	 0.075000 
	 3.0146105675829759e+09 	 -7.1344362826773357e+06 	 0.0000000000000000e+00 	 0.0000000000000000e+00 	 0.0000000000000000e+00 	 6.0181605468281174e+08
	 -7.1344362834216766e+06 	 4.5514158237663460e+09 	 0.0000000000000000e+00 	 0.0000000000000000e+00 	 0.0000000000000000e+00 	 6.3630237566689253e+07
	 0.0000000000000000e+00 	 0.0000000000000000e+00 	 2.9196543065632275e+10 	 -3.9473430323207626e+09 	 -3.8962103910461169e+08 	 0.0000000000000000e+00
	 0.0000000000000000e+00 	 0.0000000000000000e+00 	 -3.9473430323209705e+09 	 8.1975030477923676e+10 	 -4.7120970553004923e+09 	 0.0000000000000000e+00
	 0.0000000000000000e+00 	 0.0000000000000000e+00 	 -3.8962103910514128e+08 	 -4.7120970553004093e+09 	 6.8591623715127052e+10 	 0.0000000000000000e+00
	 6.0181605468277085e+08 	 6.3630237566765420e+07 	 0.0000000000000000e+00 	 0.0000000000000000e+00 	 0.0000000000000000e+00 	 3.8486332098783447e+10

	 1.7926097406367762e+03 	 0.0000000000000000e+00 	 0.0000000000000000e+00 	 0.0000000000000000e+00 	 0.0000000000000000e+00 	 2.1362776499162172e+02
	 0.0000000000000000e+00 	 1.7926097406367762e+03 	 0.0000000000000000e+00 	 0.0000000000000000e+00 	 0.0000000000000000e+00 	 2.5423820782431552e+01
	 0.0000000000000000e+00 	 0.0000000000000000e+00 	 1.7926097406367762e+03 	 -2.1362776499162172e+02 	 -2.5423820782431552e+01 	 0.0000000000000000e+00
	 0.0000000000000000e+00 	 0.0000000000000000e+00 	 -2.1362776499162172e+02 	 5.4934518405327135e+03 	 -9.5200720925179951e+01 	 0.0000000000000000e+00
	 0.0000000000000000e+00 	 0.0000000000000000e+00 	 -2.5423820782431552e+01 	 -9.5200720925179951e+01 	 3.9100374685680290e+03 	 0.0000000000000000e+00
	 2.1362776499162172e+02 	 2.5423820782431552e+01 	 0.0000000000000000e+00 	 0.0000000000000000e+00 	 0.0000000000000000e+00 	 9.4034893091007125e+03

	 0.100000 
	 2.4194600594685245e+09 	 1.1250924487136441e+08 	 0.0000000000000000e+00 	 0.0000000000000000e+00 	 0.0000000000000000e+00 	 8.3476321480694294e+08
	 1.1250924487037130e+08 	 3.9846862106022897e+09 	 0.0000000000000000e+00 	 0.0000000000000000e+00 	 0.0000000000000000e+00 	 1.4713589771547627e+08
	 0.0000000000000000e+00 	 0.0000000000000000e+00 	 2.7318853266752686e+10 	 -3.7326444626316309e+09 	 -5.6759863370108819e+08 	 0.0000000000000000e+00
	 0.0000000000000000e+00 	 0.0000000000000000e+00 	 -3.7326444626320457e+09 	 7.0533492227193146e+10 	 -5.8881902059017563e+09 	 0.0000000000000000e+00
	 0.0000000000000000e+00 	 0.0000000000000000e+00 	 -5.6759863370025027e+08 	 -5.8881902059009161e+09 	 5.2172302748764755e+10 	 0.0000000000000000e+00
	 8.3476321480712616e+08 	 1.4713589771568680e+08 	 0.0000000000000000e+00 	 0.0000000000000000e+00 	 0.0000000000000000e+00 	 2.5702478024222061e+10

	 1.6932123879916492e+03 	 0.0000000000000000e+00 	 0.0000000000000000e+00 	 0.0000000000000000e+00 	 0.0000000000000000e+00 	 2.3381145403204374e+02
	 0.0000000000000000e+00 	 1.6932123879916492e+03 	 0.0000000000000000e+00 	 0.0000000000000000e+00 	 0.0000000000000000e+00 	 3.6395462050381589e+01
	 0.0000000000000000e+00 	 0.0000000000000000e+00 	 1.6932123879916492e+03 	 -2.3381145403204374e+02 	 -3.6395462050381589e+01 	 0.0000000000000000e+00
	 0.0000000000000000e+00 	 0.0000000000000000e+00 	 -2.3381145403204374e+02 	 4.7456980862431783e+03 	 -1.4284803242521104e+02 	 0.0000000000000000e+00
	 0.0000000000000000e+00 	 0.0000000000000000e+00 	 -3.6395462050381589e+01 	 -1.4284803242521104e+02 	 2.7821040379846236e+03 	 0.0000000000000000e+00
	 2.3381145403204374e+02 	 3.6395462050381589e+01 	 0.0000000000000000e+00 	 0.0000000000000000e+00 	 0.0000000000000000e+00 	 7.5278021242277900e+03

	 0.150000 
	 9.3609039796952522e+08 	 8.1853340926714078e+07 	 0.0000000000000000e+00 	 0.0000000000000000e+00 	 0.0000000000000000e+00 	 7.6083854225794339e+08
	 8.1853341046278656e+07 	 2.3140700553533578e+09 	 0.0000000000000000e+00 	 0.0000000000000000e+00 	 0.0000000000000000e+00 	 1.6378964327258730e+08
	 0.0000000000000000e+00 	 0.0000000000000000e+00 	 2.2658899871012779e+10 	 -5.1633852375326824e+09 	 -2.4750374159876174e+08 	 0.0000000000000000e+00
	 0.0000000000000000e+00 	 0.0000000000000000e+00 	 -5.1633852374112101e+09 	 5.0326497959983658e+10 	 -4.7354023288082285e+09 	 0.0000000000000000e+00
	 0.0000000000000000e+00 	 0.0000000000000000e+00 	 -2.4750374193832794e+08 	 -4.7354023289757900e+09 	 2.7924920999930992e+10 	 0.0000000000000000e+00
	 7.6083854226953411e+08 	 1.6378964322357574e+08 	 0.0000000000000000e+00 	 0.0000000000000000e+00 	 0.0000000000000000e+00 	 8.6978562228918648e+09

	 1.0505802977672597e+03 	 0.0000000000000000e+00 	 0.0000000000000000e+00 	 0.0000000000000000e+00 	 0.0000000000000000e+00 	 1.2447909729030937e+02
	 0.0000000000000000e+00 	 1.0505802977672597e+03 	 0.0000000000000000e+00 	 0.0000000000000000e+00 	 0.0000000000000000e+00 	 2.4141835552698211e+01
	 0.0000000000000000e+00 	 0.0000000000000000e+00 	 1.0505802977672597e+03 	 -1.2447909729030937e+02 	 -2.4141835552698211e+01 	 0.0000000000000000e+00
	 0.0000000000000000e+00 	 0.0000000000000000e+00 	 -1.2447909729030937e+02 	 2.9834671211003888e+03 	 -9.2131671202097749e+01 	 0.0000000000000000e+00
	 0.0000000000000000e+00 	 0.0000000000000000e+00 	 -2.4141835552698211e+01 	 -9.2131671202097749e+01 	 9.5536273063584167e+02 	 0.0000000000000000e+00
	 1.2447909729030937e+02 	 2.4141835552698211e+01 	 0.0000000000000000e+00 	 0.0000000000000000e+00 	 0.0000000000000000e+00 	 3.9388298517362268e+03

	 0.200000 
	 4.5908560259878051e+08 	 5.0866950833032310e+07 	 0.0000000000000000e+00 	 0.0000000000000000e+00 	 0.0000000000000000e+00 	 4.6058606289111722e+08
	 5.0866950830856442e+07 	 9.6276657537975574e+08 	 0.0000000000000000e+00 	 0.0000000000000000e+00 	 0.0000000000000000e+00 	 1.0972695968645549e+08
	 0.0000000000000000e+00 	 0.0000000000000000e+00 	 2.0430790087723324e+10 	 -9.3977411333430614e+09 	 -3.1155941874739778e+08 	 0.0000000000000000e+00
	 0.0000000000000000e+00 	 0.0000000000000000e+00 	 -9.3977411333471451e+09 	 3.9286323673138893e+10 	 -3.1178141633794923e+09 	 0.0000000000000000e+00
	 0.0000000000000000e+00 	 0.0000000000000000e+00 	 -3.1155941874635923e+08 	 -3.1178141633792515e+09 	 2.1775723688308891e+10 	 0.0000000000000000e+00
	 4.6058606289097476e+08 	 1.0972695968857709e+08 	 0.0000000000000000e+00 	 0.0000000000000000e+00 	 0.0000000000000000e+00 	 3.2247250265221753e+09

	 6.6816759314399155e+02 	 0.0000000000000000e+00 	 0.0000000000000000e+00 	 0.0000000000000000e+00 	 0.0000000000000000e+00 	 8.8546034119299463e+01
	 0.0000000000000000e+00 	 6.6816759314399155e+02 	 0.0000000000000000e+00 	 0.0000000000000000e+00 	 0.0000000000000000e+00 	 1.9962908803823900e+01
	 0.0000000000000000e+00 	 0.0000000000000000e+00 	 6.6816759314399155e+02 	 -8.8546034119299463e+01 	 -1.9962908803823900e+01 	 0.0000000000000000e+00
	 0.0000000000000000e+00 	 0.0000000000000000e+00 	 -8.8546034119299463e+01 	 1.8571519350576887e+03 	 -5.5651965316882738e+01 	 0.0000000000000000e+00
	 0.0000000000000000e+00 	 0.0000000000000000e+00 	 -1.9962908803823900e+01 	 -5.5651965316882738e+01 	 4.7553658056783007e+02 	 0.0000000000000000e+00
	 8.8546034119299463e+01 	 1.9962908803823900e+01 	 0.0000000000000000e+00 	 0.0000000000000000e+00 	 0.0000000000000000e+00 	 2.3326885156255175e+03

	 0.250000 
	 2.8128497885198861e+08 	 1.9059298268560238e+07 	 0.0000000000000000e+00 	 0.0000000000000000e+00 	 0.0000000000000000e+00 	 3.2267506492620265e+08
	 1.9059298268399160e+07 	 4.8006183661807096e+08 	 0.0000000000000000e+00 	 0.0000000000000000e+00 	 0.0000000000000000e+00 	 5.4848896593656085e+07
	 0.0000000000000000e+00 	 0.0000000000000000e+00 	 2.0472143497801556e+10 	 -1.1588120310357679e+10 	 -3.6809601203113502e+08 	 0.0000000000000000e+00
	 0.0000000000000000e+00 	 0.0000000000000000e+00 	 -1.1588120310360495e+10 	 3.7887474702287422e+10 	 -1.1525433743551259e+09 	 0.0000000000000000e+00
	 0.0000000000000000e+00 	 0.0000000000000000e+00 	 -3.6809601203318387e+08 	 -1.1525433743567679e+09 	 1.5608405956121986e+10 	 0.0000000000000000e+00
	 3.2267506492595649e+08 	 5.4848896593759656e+07 	 0.0000000000000000e+00 	 0.0000000000000000e+00 	 0.0000000000000000e+00 	 1.3903052843094313e+09

	 5.3099549681406597e+02 	 0.0000000000000000e+00 	 0.0000000000000000e+00 	 0.0000000000000000e+00 	 0.0000000000000000e+00 	 6.5003590357570388e+01
	 0.0000000000000000e+00 	 5.3099549681406597e+02 	 0.0000000000000000e+00 	 0.0000000000000000e+00 	 0.0000000000000000e+00 	 1.8339722561855694e+01
	 0.0000000000000000e+00 	 0.0000000000000000e+00 	 5.3099549681406597e+02 	 -6.5003590357570388e+01 	 -1.8339722561855694e+01 	 0.0000000000000000e+00
	 0.0000000000000000e+00 	 0.0000000000000000e+00 	 -6.5003590357570388e+01 	 1.4416009841816515e+03 	 -3.2473996302817987e+01 	 0.0000000000000000e+00
	 0.0000000000000000e+00 	 0.0000000000000000e+00 	 -1.8339722561855694e+01 	 -3.2473996302817987e+01 	 2.6843659943399155e+02 	 0.0000000000000000e+00
	 6.5003590357570388e+01 	 1.8339722561855694e+01 	 0.0000000000000000e+00 	 0.0000000000000000e+00 	 0.0000000000000000e+00 	 1.7100375836156422e+03

	 0.300000 
	 2.2465807032481173e+08 	 4.1668846661258927e+06 	 0.0000000000000000e+00 	 0.0000000000000000e+00 	 0.0000000000000000e+00 	 2.4905662476863497e+08
	 4.1668846666507372e+06 	 3.4689914706776518e+08 	 0.0000000000000000e+00 	 0.0000000000000000e+00 	 0.0000000000000000e+00 	 3.1093730050460514e+07
	 0.0000000000000000e+00 	 0.0000000000000000e+00 	 2.1366358754346306e+10 	 -1.3210265569096935e+10 	 -3.4825231962859660e+08 	 0.0000000000000000e+00
	 0.0000000000000000e+00 	 0.0000000000000000e+00 	 -1.3210265569093796e+10 	 3.5988460736018951e+10 	 -2.6433594907576618e+08 	 0.0000000000000000e+00
	 0.0000000000000000e+00 	 0.0000000000000000e+00 	 -3.4825231962817711e+08 	 -2.6433594907635364e+08 	 1.3364253260713022e+10 	 0.0000000000000000e+00
	 2.4905662476861486e+08 	 3.1093730049951237e+07 	 0.0000000000000000e+00 	 0.0000000000000000e+00 	 0.0000000000000000e+00 	 9.0088708870380902e+08

	 4.8398492624653159e+02 	 0.0000000000000000e+00 	 0.0000000000000000e+00 	 0.0000000000000000e+00 	 0.0000000000000000e+00 	 5.7847248380025142e+01
	 0.0000000000000000e+00 	 4.8398492624653159e+02 	 0.0000000000000000e+00 	 0.0000000000000000e+00 	 0.0000000000000000e+00 	 1.5238709386050964e+01
	 0.0000000000000000e+00 	 0.0000000000000000e+00 	 4.8398492624653159e+02 	 -5.7847248380025142e+01 	 -1.5238709386050964e+01 	 0.0000000000000000e+00
	 0.0000000000000000e+00 	 0.0000000000000000e+00 	 -5.7847248380025142e+01 	 1.1903828874872186e+03 	 -1.8742294859025471e+01 	 0.0000000000000000e+00
	 0.0000000000000000e+00 	 0.0000000000000000e+00 	 -1.5238709386050964e+01 	 -1.8742294859025471e+01 	 2.0409129597859052e+02 	 0.0000000000000000e+00
	 5.7847248380025142e+01 	 1.5238709386050964e+01 	 0.0000000000000000e+00 	 0.0000000000000000e+00 	 0.0000000000000000e+00 	 1.3944741834658046e+03

	 0.350000 
	 1.8769358367686760e+08 	 -2.9868754279970601e+06 	 0.0000000000000000e+00 	 0.0000000000000000e+00 	 0.0000000000000000e+00 	 1.9668908938899976e+08
	 -2.9868754279675093e+06 	 3.2407065179931074e+08 	 0.0000000000000000e+00 	 0.0000000000000000e+00 	 0.0000000000000000e+00 	 2.0041004833055671e+07
	 0.0000000000000000e+00 	 0.0000000000000000e+00 	 2.1784935457767437e+10 	 -1.3224290147457426e+10 	 -2.8162446425306493e+08 	 0.0000000000000000e+00
	 0.0000000000000000e+00 	 0.0000000000000000e+00 	 -1.3224290147458389e+10 	 3.1258544046420849e+10 	 1.8091589662860817e+08 	 0.0000000000000000e+00
	 0.0000000000000000e+00 	 0.0000000000000000e+00 	 -2.8162446425290400e+08 	 1.8091589662834007e+08 	 1.0665340173936579e+10 	 0.0000000000000000e+00
	 1.9668908938898626e+08 	 2.0041004833141919e+07 	 0.0000000000000000e+00 	 0.0000000000000000e+00 	 0.0000000000000000e+00 	 6.6622302753918195e+08

	 4.5807338592516192e+02 	 0.0000000000000000e+00 	 0.0000000000000000e+00 	 0.0000000000000000e+00 	 0.0000000000000000e+00 	 5.5909216486541062e+01
	 0.0000000000000000e+00 	 4.5807338592516192e+02 	 0.0000000000000000e+00 	 0.0000000000000000e+00 	 0.0000000000000000e+00 	 1.2541372070548956e+01
	 0.0000000000000000e+00 	 0.0000000000000000e+00 	 4.5807338592516192e+02 	 -5.5909216486541062e+01 	 -1.2541372070548956e+01 	 0.0000000000000000e+00
	 0.0000000000000000e+00 	 0.0000000000000000e+00 	 -5.5909216486541062e+01 	 9.6480844046948744e+02 	 -1.1254378181593040e+01 	 0.0000000000000000e+00
	 0.0000000000000000e+00 	 0.0000000000000000e+00 	 -1.2541372070548956e+01 	 -1.1254378181593040e+01 	 1.5477603113669258e+02 	 0.0000000000000000e+00
	 5.5909216486541062e+01 	 1.2541372070548956e+01 	 0.0000000000000000e+00 	 0.0000000000000000e+00 	 0.0000000000000000e+00 	 1.1195844716061738e+03

	 0.400000 
	 1.6160847102057412e+08 	 -3.3052660439043292e+06 	 0.0000000000000000e+00 	 0.0000000000000000e+00 	 0.0000000000000000e+00 	 1.6593445200565302e+08
	 -3.3052660442724689e+06 	 3.1752624213431072e+08 	 0.0000000000000000e+00 	 0.0000000000000000e+00 	 0.0000000000000000e+00 	 1.5976805968027435e+07
	 0.0000000000000000e+00 	 0.0000000000000000e+00 	 2.1620511472024666e+10 	 -1.3388617759935459e+10 	 -1.5107387771254838e+08 	 0.0000000000000000e+00
	 0.0000000000000000e+00 	 0.0000000000000000e+00 	 -1.3388617759935873e+10 	 2.8296076633661140e+10 	 1.3129510670692754e+08 	 0.0000000000000000e+00
	 0.0000000000000000e+00 	 0.0000000000000000e+00 	 -1.5107387771257058e+08 	 1.3129510670697796e+08 	 8.5375756238048563e+09 	 0.0000000000000000e+00
	 1.6593445200546107e+08 	 1.5976805967972757e+07 	 0.0000000000000000e+00 	 0.0000000000000000e+00 	 0.0000000000000000e+00 	 5.3391420809192383e+08

	 4.3385634454441885e+02 	 0.0000000000000000e+00 	 0.0000000000000000e+00 	 0.0000000000000000e+00 	 0.0000000000000000e+00 	 6.1507118305935521e+01
	 0.0000000000000000e+00 	 4.3385634454441885e+02 	 0.0000000000000000e+00 	 0.0000000000000000e+00 	 0.0000000000000000e+00 	 9.3805577801956872e+00
	 0.0000000000000000e+00 	 0.0000000000000000e+00 	 4.3385634454441885e+02 	 -6.1507118305935521e+01 	 -9.3805577801956872e+00 	 0.0000000000000000e+00
	 0.0000000000000000e+00 	 0.0000000000000000e+00 	 -6.1507118305935521e+01 	 8.0903043870610588e+02 	 -9.9515513736031895e+00 	 0.0000000000000000e+00
	 0.0000000000000000e+00 	 0.0000000000000000e+00 	 -9.3805577801956872e+00 	 -9.9515513736031895e+00 	 1.2016027482884544e+02 	 0.0000000000000000e+00
	 6.1507118305935521e+01 	 9.3805577801956872e+00 	 0.0000000000000000e+00 	 0.0000000000000000e+00 	 0.0000000000000000e+00 	 9.2919071353495428e+02

	 0.450000 
	 1.3796584771387851e+08 	 -2.6069372576515204e+06 	 0.0000000000000000e+00 	 0.0000000000000000e+00 	 0.0000000000000000e+00 	 1.3592419474492455e+08
	 -2.6069372578900321e+06 	 3.0914362327780759e+08 	 0.0000000000000000e+00 	 0.0000000000000000e+00 	 0.0000000000000000e+00 	 1.2874445746467734e+07
	 0.0000000000000000e+00 	 0.0000000000000000e+00 	 2.0778606816737823e+10 	 -1.2568943931224871e+10 	 -8.1510241562404394e+07 	 0.0000000000000000e+00
	 0.0000000000000000e+00 	 0.0000000000000000e+00 	 -1.2568943931224981e+10 	 2.4357679782115326e+10 	 7.6435740430157766e+07 	 0.0000000000000000e+00
	 0.0000000000000000e+00 	 0.0000000000000000e+00 	 -8.1510241562071934e+07 	 7.6435740430253044e+07 	 6.5490391494098091e+09 	 0.0000000000000000e+00
	 1.3592419474485004e+08 	 1.2874445746553561e+07 	 0.0000000000000000e+00 	 0.0000000000000000e+00 	 0.0000000000000000e+00 	 4.1881124942499089e+08

	 4.0489479890713801e+02 	 0.0000000000000000e+00 	 0.0000000000000000e+00 	 0.0000000000000000e+00 	 0.0000000000000000e+00 	 5.8210891544607193e+01
	 0.0000000000000000e+00 	 4.0489479890713801e+02 	 0.0000000000000000e+00 	 0.0000000000000000e+00 	 0.0000000000000000e+00 	 7.4693905987250027e+00
	 0.0000000000000000e+00 	 0.0000000000000000e+00 	 4.0489479890713801e+02 	 -5.8210891544607193e+01 	 -7.4693905987250027e+00 	 0.0000000000000000e+00
	 0.0000000000000000e+00 	 0.0000000000000000e+00 	 -5.8210891544607193e+01 	 6.6503176751509375e+02 	 -8.7952437980842841e+00 	 0.0000000000000000e+00
	 0.0000000000000000e+00 	 0.0000000000000000e+00 	 -7.4693905987250027e+00 	 -8.7952437980842841e+00 	 9.0502000221490718e+01 	 0.0000000000000000e+00
	 5.8210891544607193e+01 	 7.4693905987250027e+00 	 0.0000000000000000e+00 	 0.0000000000000000e+00 	 0.0000000000000000e+00 	 7.5553376773658567e+02

	 0.500000 
	 1.1660119091005398e+08 	 -1.4400682179927067e+06 	 0.0000000000000000e+00 	 0.0000000000000000e+00 	 0.0000000000000000e+00 	 1.1178975450256905e+08
	 -1.4400682179319249e+06 	 3.0320784346226394e+08 	 0.0000000000000000e+00 	 0.0000000000000000e+00 	 0.0000000000000000e+00 	 1.1141696497461293e+07
	 0.0000000000000000e+00 	 0.0000000000000000e+00 	 1.9922595948782341e+10 	 -1.1924258937756292e+10 	 -1.4546203559652859e+08 	 0.0000000000000000e+00
	 0.0000000000000000e+00 	 0.0000000000000000e+00 	 -1.1924258937757324e+10 	 2.1196468106500328e+10 	 9.8388944683028176e+07 	 0.0000000000000000e+00
	 0.0000000000000000e+00 	 0.0000000000000000e+00 	 -1.4546203559634736e+08 	 9.8388944682666227e+07 	 4.8932052582919760e+09 	 0.0000000000000000e+00
	 1.1178975450255845e+08 	 1.1141696497260395e+07 	 0.0000000000000000e+00 	 0.0000000000000000e+00 	 0.0000000000000000e+00 	 3.2689783387089616e+08

	 3.7770664903529581e+02 	 0.0000000000000000e+00 	 0.0000000000000000e+00 	 0.0000000000000000e+00 	 0.0000000000000000e+00 	 5.7722309189955169e+01
	 0.0000000000000000e+00 	 3.7770664903529581e+02 	 0.0000000000000000e+00 	 0.0000000000000000e+00 	 0.0000000000000000e+00 	 7.8114224534052870e+00
	 0.0000000000000000e+00 	 0.0000000000000000e+00 	 3.7770664903529581e+02 	 -5.7722309189955169e+01 	 -7.8114224534052870e+00 	 0.0000000000000000e+00
	 0.0000000000000000e+00 	 0.0000000000000000e+00 	 -5.7722309189955169e+01 	 5.4702959257001567e+02 	 -6.8113632075667159e+00 	 0.0000000000000000e+00
	 0.0000000000000000e+00 	 0.0000000000000000e+00 	 -7.8114224534052870e+00 	 -6.8113632075667159e+00 	 6.6514385500754159e+01 	 0.0000000000000000e+00
	 5.7722309189955169e+01 	 7.8114224534052870e+00 	 0.0000000000000000e+00 	 0.0000000000000000e+00 	 0.0000000000000000e+00 	 6.1354397807077100e+02

	 0.550000 
	 9.7426298093421921e+07 	 -9.9032473399701866e+05 	 0.0000000000000000e+00 	 0.0000000000000000e+00 	 0.0000000000000000e+00 	 8.8382519503588721e+07
	 -9.9032473397858546e+05 	 2.9289492783985239e+08 	 0.0000000000000000e+00 	 0.0000000000000000e+00 	 0.0000000000000000e+00 	 1.0746211096890584e+07
	 0.0000000000000000e+00 	 0.0000000000000000e+00 	 1.8923963088004047e+10 	 -1.0742829193409607e+10 	 -2.1535731964179567e+08 	 0.0000000000000000e+00
	 0.0000000000000000e+00 	 0.0000000000000000e+00 	 -1.0742829193409033e+10 	 1.7545609432990948e+10 	 1.3440697112820548e+08 	 0.0000000000000000e+00
	 0.0000000000000000e+00 	 0.0000000000000000e+00 	 -2.1535731964169869e+08 	 1.3440697112820071e+08 	 3.6040344509059038e+09 	 0.0000000000000000e+00
	 8.8382519503526360e+07 	 1.0746211096795641e+07 	 0.0000000000000000e+00 	 0.0000000000000000e+00 	 0.0000000000000000e+00 	 2.4761372431077436e+08

	 3.5045594662815495e+02 	 0.0000000000000000e+00 	 0.0000000000000000e+00 	 0.0000000000000000e+00 	 0.0000000000000000e+00 	 5.2483951538410309e+01
	 0.0000000000000000e+00 	 3.5045594662815495e+02 	 0.0000000000000000e+00 	 0.0000000000000000e+00 	 0.0000000000000000e+00 	 8.1776720554523212e+00
	 0.0000000000000000e+00 	 0.0000000000000000e+00 	 3.5045594662815495e+02 	 -5.2483951538410309e+01 	 -8.1776720554523212e+00 	 0.0000000000000000e+00
	 0.0000000000000000e+00 	 0.0000000000000000e+00 	 -5.2483951538410309e+01 	 4.3926618777004757e+02 	 -4.8885475473548601e+00 	 0.0000000000000000e+00
	 0.0000000000000000e+00 	 0.0000000000000000e+00 	 -8.1776720554523212e+00 	 -4.8885475473548601e+00 	 4.8388512716913056e+01 	 0.0000000000000000e+00
	 5.2483951538410309e+01 	 8.1776720554523212e+00 	 0.0000000000000000e+00 	 0.0000000000000000e+00 	 0.0000000000000000e+00 	 4.8765470048696324e+02

	 0.600000 
	 8.1367635277646825e+07 	 1.6085761294888123e+05 	 0.0000000000000000e+00 	 0.0000000000000000e+00 	 0.0000000000000000e+00 	 7.0806318066680223e+07
	 1.6085761293606809e+05 	 3.0023958640053773e+08 	 0.0000000000000000e+00 	 0.0000000000000000e+00 	 0.0000000000000000e+00 	 1.2876802778009523e+07
	 0.0000000000000000e+00 	 0.0000000000000000e+00 	 1.7536942879246296e+10 	 -1.0260746888711470e+10 	 -2.9972926843819934e+08 	 0.0000000000000000e+00
	 0.0000000000000000e+00 	 0.0000000000000000e+00 	 -1.0260746888711874e+10 	 1.3743143120366585e+10 	 2.0135248022428936e+08 	 0.0000000000000000e+00
	 0.0000000000000000e+00 	 0.0000000000000000e+00 	 -2.9972926843815410e+08 	 2.0135248022429276e+08 	 2.6550560244060736e+09 	 0.0000000000000000e+00
	 7.0806318066699415e+07 	 1.2876802777958980e+07 	 0.0000000000000000e+00 	 0.0000000000000000e+00 	 0.0000000000000000e+00 	 1.8911455906240350e+08

	 3.0730055408523543e+02 	 0.0000000000000000e+00 	 0.0000000000000000e+00 	 0.0000000000000000e+00 	 0.0000000000000000e+00 	 7.3639377840033063e+01
	 0.0000000000000000e+00 	 3.0730055408523543e+02 	 0.0000000000000000e+00 	 0.0000000000000000e+00 	 0.0000000000000000e+00 	 7.9479879298194920e+00
	 0.0000000000000000e+00 	 0.0000000000000000e+00 	 3.0730055408523543e+02 	 -7.3639377840033063e+01 	 -7.9479879298194920e+00 	 0.0000000000000000e+00
	 0.0000000000000000e+00 	 0.0000000000000000e+00 	 -7.3639377840033063e+01 	 3.1831831194140642e+02 	 -1.6854790715037407e+00 	 0.0000000000000000e+00
	 0.0000000000000000e+00 	 0.0000000000000000e+00 	 -7.9479879298194920e+00 	 -1.6854790715037407e+00 	 3.5220806581676101e+01 	 0.0000000000000000e+00
	 7.3639377840033063e+01 	 7.9479879298194920e+00 	 0.0000000000000000e+00 	 0.0000000000000000e+00 	 0.0000000000000000e+00 	 3.5353911852308198e+02

	 0.650000 
	 6.7083647045315392e+07 	 1.1533982983865617e+06 	 0.0000000000000000e+00 	 0.0000000000000000e+00 	 0.0000000000000000e+00 	 5.6316058333947934e+07
	 1.1533982983416650e+06 	 3.3460873816810215e+08 	 0.0000000000000000e+00 	 0.0000000000000000e+00 	 0.0000000000000000e+00 	 1.6144302674997017e+07
	 0.0000000000000000e+00 	 0.0000000000000000e+00 	 1.5851882737655306e+10 	 -9.5619690361056194e+09 	 -3.5816368912992746e+08 	 0.0000000000000000e+00
	 0.0000000000000000e+00 	 0.0000000000000000e+00 	 -9.5619690361053524e+09 	 1.0204762837631233e+10 	 2.5361603383224165e+08 	 0.0000000000000000e+00
	 0.0000000000000000e+00 	 0.0000000000000000e+00 	 -3.5816368912996709e+08 	 2.5361603383225951e+08 	 1.9179659352880733e+09 	 0.0000000000000000e+00
	 5.6316058333955087e+07 	 1.6144302675057281e+07 	 0.0000000000000000e+00 	 0.0000000000000000e+00 	 0.0000000000000000e+00 	 1.4161503251024431e+08

	 2.6023867436496255e+02 	 0.0000000000000000e+00 	 0.0000000000000000e+00 	 0.0000000000000000e+00 	 0.0000000000000000e+00 	 9.2657370324581308e+01
	 0.0000000000000000e+00 	 2.6023867436496255e+02 	 0.0000000000000000e+00 	 0.0000000000000000e+00 	 0.0000000000000000e+00 	 7.2900578319625495e+00
	 0.0000000000000000e+00 	 0.0000000000000000e+00 	 2.6023867436496255e+02 	 -9.2657370324581308e+01 	 -7.2900578319625495e+00 	 0.0000000000000000e+00
	 0.0000000000000000e+00 	 0.0000000000000000e+00 	 -9.2657370324581308e+01 	 2.1484140985514495e+02 	 1.0362579238940350e+00 	 0.0000000000000000e+00
	 0.0000000000000000e+00 	 0.0000000000000000e+00 	 -7.2900578319625495e+00 	 1.0362579238940350e+00 	 2.5215828581601578e+01 	 0.0000000000000000e+00
	 9.2657370324581308e+01 	 7.2900578319625495e+00 	 0.0000000000000000e+00 	 0.0000000000000000e+00 	 0.0000000000000000e+00 	 2.4005723843674713e+02

	 0.700000 
	 5.5556395909616031e+07 	 1.9400740712943922e+06 	 0.0000000000000000e+00 	 0.0000000000000000e+00 	 0.0000000000000000e+00 	 4.4178254439892240e+07
	 1.9400740713986072e+06 	 3.7630113989935112e+08 	 0.0000000000000000e+00 	 0.0000000000000000e+00 	 0.0000000000000000e+00 	 1.9292070917006247e+07
	 0.0000000000000000e+00 	 0.0000000000000000e+00 	 1.4060187430174868e+10 	 -8.1116105836265545e+09 	 -4.1169159354949492e+08 	 0.0000000000000000e+00
	 0.0000000000000000e+00 	 0.0000000000000000e+00 	 -8.1116105836309624e+09 	 7.4944335885627356e+09 	 2.5492307340094444e+08 	 0.0000000000000000e+00
	 0.0000000000000000e+00 	 0.0000000000000000e+00 	 -4.1169159354699516e+08 	 2.5492307340039757e+08 	 1.3519910774088795e+09 	 0.0000000000000000e+00
	 4.4178254439899296e+07 	 1.9292070916533917e+07 	 0.0000000000000000e+00 	 0.0000000000000000e+00 	 0.0000000000000000e+00 	 1.0540047944056886e+08

	 2.2392148275419592e+02 	 0.0000000000000000e+00 	 0.0000000000000000e+00 	 0.0000000000000000e+00 	 0.0000000000000000e+00 	 8.7406753229493916e+01
	 0.0000000000000000e+00 	 2.2392148275419592e+02 	 0.0000000000000000e+00 	 0.0000000000000000e+00 	 0.0000000000000000e+00 	 7.2239993270727219e+00
	 0.0000000000000000e+00 	 0.0000000000000000e+00 	 2.2392148275419592e+02 	 -8.7406753229493916e+01 	 -7.2239993270727219e+00 	 0.0000000000000000e+00
	 0.0000000000000000e+00 	 0.0000000000000000e+00 	 -8.7406753229493916e+01 	 1.5073370629555242e+02 	 2.0467491229711663e+00 	 0.0000000000000000e+00
	 0.0000000000000000e+00 	 0.0000000000000000e+00 	 -7.2239993270727219e+00 	 2.0467491229711663e+00 	 1.7746089198729642e+01 	 0.0000000000000000e+00
	 8.7406753229493916e+01 	 7.2239993270727219e+00 	 0.0000000000000000e+00 	 0.0000000000000000e+00 	 0.0000000000000000e+00 	 1.6847979549428311e+02

	 0.750000 
	 4.4996498097678907e+07 	 2.1805294550135685e+06 	 0.0000000000000000e+00 	 0.0000000000000000e+00 	 0.0000000000000000e+00 	 3.3237138234761000e+07
	 2.1805294549980154e+06 	 3.9596948198685825e+08 	 0.0000000000000000e+00 	 0.0000000000000000e+00 	 0.0000000000000000e+00 	 2.0796375838541914e+07
	 0.0000000000000000e+00 	 0.0000000000000000e+00 	 1.1002268931906261e+10 	 -5.7755156406752586e+09 	 -3.8683197325189364e+08 	 0.0000000000000000e+00
	 0.0000000000000000e+00 	 0.0000000000000000e+00 	 -5.7755156406753302e+09 	 4.8726922404599981e+09 	 2.0934738170015848e+08 	 0.0000000000000000e+00
	 0.0000000000000000e+00 	 0.0000000000000000e+00 	 -3.8683197325184429e+08 	 2.0934738170022061e+08 	 8.3813720935668361e+08 	 0.0000000000000000e+00
	 3.3237138234769624e+07 	 2.0796375838564496e+07 	 0.0000000000000000e+00 	 0.0000000000000000e+00 	 0.0000000000000000e+00 	 7.5963838033761367e+07

	 1.7956840813379640e+02 	 0.0000000000000000e+00 	 0.0000000000000000e+00 	 0.0000000000000000e+00 	 0.0000000000000000e+00 	 6.6425072923985468e+01
	 0.0000000000000000e+00 	 1.7956840813379640e+02 	 0.0000000000000000e+00 	 0.0000000000000000e+00 	 0.0000000000000000e+00 	 6.5766137714083035e+00
	 0.0000000000000000e+00 	 0.0000000000000000e+00 	 1.7956840813379640e+02 	 -6.6425072923985468e+01 	 -6.5766137714083035e+00 	 0.0000000000000000e+00
	 0.0000000000000000e+00 	 0.0000000000000000e+00 	 -6.6425072923985468e+01 	 1.0112590898146424e+02 	 2.0257354403430399e+00 	 0.0000000000000000e+00
	 0.0000000000000000e+00 	 0.0000000000000000e+00 	 -6.5766137714083035e+00 	 2.0257354403430399e+00 	 1.1271852512120544e+01 	 0.0000000000000000e+00
	 6.6425072923985468e+01 	 6.5766137714083035e+00 	 0.0000000000000000e+00 	 0.0000000000000000e+00 	 0.0000000000000000e+00 	 1.1239776149358471e+02

	 0.800000 
	 3.6513123182022706e+07 	 2.1460289948336659e+06 	 0.0000000000000000e+00 	 0.0000000000000000e+00 	 0.0000000000000000e+00 	 2.4962745499817625e+07
	 2.1460289948128578e+06 	 3.7518214387951654e+08 	 0.0000000000000000e+00 	 0.0000000000000000e+00 	 0.0000000000000000e+00 	 1.8948177133835554e+07
	 0.0000000000000000e+00 	 0.0000000000000000e+00 	 7.3099644702692022e+09 	 -3.4173698991122417e+09 	 -2.6170813853130403e+08 	 0.0000000000000000e+00
	 0.0000000000000000e+00 	 0.0000000000000000e+00 	 -3.4173698991121993e+09 	 2.6800507244849534e+09 	 1.2855466510894810e+08 	 0.0000000000000000e+00
	 0.0000000000000000e+00 	 0.0000000000000000e+00 	 -2.6170813853132862e+08 	 1.2855466510901694e+08 	 4.6630873706677908e+08 	 0.0000000000000000e+00
	 2.4962745499820221e+07 	 1.8948177133805141e+07 	 0.0000000000000000e+00 	 0.0000000000000000e+00 	 0.0000000000000000e+00 	 5.4150882153551005e+07

	 1.2930382145083252e+02 	 0.0000000000000000e+00 	 0.0000000000000000e+00 	 0.0000000000000000e+00 	 0.0000000000000000e+00 	 4.3488279014056189e+01
	 0.0000000000000000e+00 	 1.2930382145083252e+02 	 0.0000000000000000e+00 	 0.0000000000000000e+00 	 0.0000000000000000e+00 	 4.7261929494657329e+00
	 0.0000000000000000e+00 	 0.0000000000000000e+00 	 1.2930382145083252e+02 	 -4.3488279014056189e+01 	 -4.7261929494657329e+00 	 0.0000000000000000e+00
	 0.0000000000000000e+00 	 0.0000000000000000e+00 	 -4.3488279014056189e+01 	 6.1904825870585412e+01 	 1.3971289768184170e+00 	 0.0000000000000000e+00
	 0.0000000000000000e+00 	 0.0000000000000000e+00 	 -4.7261929494657329e+00 	 1.3971289768184170e+00 	 6.6858757113588716e+00 	 0.0000000000000000e+00
	 4.3488279014056189e+01 	 4.7261929494657329e+00 	 0.0000000000000000e+00 	 0.0000000000000000e+00 	 0.0000000000000000e+00 	 6.8590701581944174e+01

	 0.850000 
	 2.7280966864042345e+07 	 9.9259225227016630e+05 	 0.0000000000000000e+00 	 0.0000000000000000e+00 	 0.0000000000000000e+00 	 1.5528534163924806e+07
	 9.9259225225690356e+05 	 2.3964273057534859e+08 	 0.0000000000000000e+00 	 0.0000000000000000e+00 	 0.0000000000000000e+00 	 1.1194392967174724e+07
	 0.0000000000000000e+00 	 0.0000000000000000e+00 	 4.5211600525857172e+09 	 -1.7551590217770033e+09 	 -1.4900300295963365e+08 	 0.0000000000000000e+00
	 0.0000000000000000e+00 	 0.0000000000000000e+00 	 -1.7551590217769651e+09 	 1.3492864334469962e+09 	 6.1758747875463948e+07 	 0.0000000000000000e+00
	 0.0000000000000000e+00 	 0.0000000000000000e+00 	 -1.4900300295964327e+08 	 6.1758747875456288e+07 	 2.4318955233909437e+08 	 0.0000000000000000e+00
	 1.5528534163920507e+07 	 1.1194392967199475e+07 	 0.0000000000000000e+00 	 0.0000000000000000e+00 	 0.0000000000000000e+00 	 3.1772040292195365e+07

	 8.4455597756457095e+01 	 0.0000000000000000e+00 	 0.0000000000000000e+00 	 0.0000000000000000e+00 	 0.0000000000000000e+00 	 2.1360668876855375e+01
	 0.0000000000000000e+00 	 8.4455597756457095e+01 	 0.0000000000000000e+00 	 0.0000000000000000e+00 	 0.0000000000000000e+00 	 2.8256458147804726e+00
	 0.0000000000000000e+00 	 0.0000000000000000e+00 	 8.4455597756457095e+01 	 -2.1360668876855375e+01 	 -2.8256458147804726e+00 	 0.0000000000000000e+00
	 0.0000000000000000e+00 	 0.0000000000000000e+00 	 -2.1360668876855375e+01 	 3.3726911321822080e+01 	 6.3907746038029500e-01 	 0.0000000000000000e+00
	 0.0000000000000000e+00 	 0.0000000000000000e+00 	 -2.8256458147804726e+00 	 6.3907746038029500e-01 	 3.6183015626588415e+00 	 0.0000000000000000e+00
	 2.1360668876855375e+01 	 2.8256458147804726e+00 	 0.0000000000000000e+00 	 0.0000000000000000e+00 	 0.0000000000000000e+00 	 3.7345212884480958e+01

	 0.900000 
	 1.9752827233301513e+07 	 5.0928820725810784e+05 	 0.0000000000000000e+00 	 0.0000000000000000e+00 	 0.0000000000000000e+00 	 9.2121718303522579e+06
	 5.0928820726581814e+05 	 1.4428654187836954e+08 	 0.0000000000000000e+00 	 0.0000000000000000e+00 	 0.0000000000000000e+00 	 6.2148444361347426e+06
	 0.0000000000000000e+00 	 0.0000000000000000e+00 	 2.6755799492893372e+09 	 -8.1474154841848350e+08 	 -7.9976109597641438e+07 	 0.0000000000000000e+00
	 0.0000000000000000e+00 	 0.0000000000000000e+00 	 -8.1474154841851044e+08 	 6.5566839913069892e+08 	 2.5743780650562752e+07 	 0.0000000000000000e+00
	 0.0000000000000000e+00 	 0.0000000000000000e+00 	 -7.9976109597616360e+07 	 2.5743780650565293e+07 	 1.1332883132810645e+08 	 0.0000000000000000e+00
	 9.2121718303559162e+06 	 6.2148444361374248e+06 	 0.0000000000000000e+00 	 0.0000000000000000e+00 	 0.0000000000000000e+00 	 1.7551331727959942e+07

	 5.4706245754362072e+01 	 0.0000000000000000e+00 	 0.0000000000000000e+00 	 0.0000000000000000e+00 	 0.0000000000000000e+00 	 9.4024394131132016e+00
	 0.0000000000000000e+00 	 5.4706245754362072e+01 	 0.0000000000000000e+00 	 0.0000000000000000e+00 	 0.0000000000000000e+00 	 1.6447242249905800e+00
	 0.0000000000000000e+00 	 0.0000000000000000e+00 	 5.4706245754362072e+01 	 -9.4024394131132016e+00 	 -1.6447242249905800e+00 	 0.0000000000000000e+00
	 0.0000000000000000e+00 	 0.0000000000000000e+00 	 -9.4024394131132016e+00 	 1.8711547188742969e+01 	 2.4540946431020103e-01 	 0.0000000000000000e+00
	 0.0000000000000000e+00 	 0.0000000000000000e+00 	 -1.6447242249905800e+00 	 2.4540946431020103e-01 	 1.7845886483153073e+00 	 0.0000000000000000e+00
	 9.4024394131132016e+00 	 1.6447242249905800e+00 	 0.0000000000000000e+00 	 0.0000000000000000e+00 	 0.0000000000000000e+00 	 2.0496135837058350e+01

	 0.950000 
	 9.1845266226467714e+06 	 3.0775481269635452e+05 	 0.0000000000000000e+00 	 0.0000000000000000e+00 	 0.0000000000000000e+00 	 4.0157385383869302e+06
	 3.0775481271951704e+05 	 8.6926036668585375e+07 	 0.0000000000000000e+00 	 0.0000000000000000e+00 	 0.0000000000000000e+00 	 3.4921262919707289e+06
	 0.0000000000000000e+00 	 0.0000000000000000e+00 	 1.2030668209560254e+09 	 -2.2260015053886828e+08 	 -3.1942805393707059e+07 	 0.0000000000000000e+00
	 0.0000000000000000e+00 	 0.0000000000000000e+00 	 -2.2260015053885958e+08 	 2.5706387042646173e+08 	 5.9905479659685744e+06 	 0.0000000000000000e+00
	 0.0000000000000000e+00 	 0.0000000000000000e+00 	 -3.1942805393694118e+07 	 5.9905479659704659e+06 	 3.6422647880103514e+07 	 0.0000000000000000e+00
	 4.0157385383852464e+06 	 3.4921262919684262e+06 	 0.0000000000000000e+00 	 0.0000000000000000e+00 	 0.0000000000000000e+00 	 8.3905440670148134e+06

	 3.4452578687913103e+01 	 0.0000000000000000e+00 	 0.0000000000000000e+00 	 0.0000000000000000e+00 	 0.0000000000000000e+00 	 2.1874318053245747e+00
	 0.0000000000000000e+00 	 3.4452578687913103e+01 	 0.0000000000000000e+00 	 0.0000000000000000e+00 	 0.0000000000000000e+00 	 9.1790222884969497e-01
	 0.0000000000000000e+00 	 0.0000000000000000e+00 	 3.4452578687913103e+01 	 -2.1874318053245747e+00 	 -9.1790222884969497e-01 	 0.0000000000000000e+00
	 0.0000000000000000e+00 	 0.0000000000000000e+00 	 -2.1874318053245747e+00 	 1.0489247281170252e+01 	 2.4701587828640355e-02 	 0.0000000000000000e+00
	 0.0000000000000000e+00 	 0.0000000000000000e+00 	 -9.1790222884969497e-01 	 2.4701587828640355e-02 	 7.5798180848032082e-01 	 0.0000000000000000e+00
	 2.1874318053245747e+00 	 9.1790222884969497e-01 	 0.0000000000000000e+00 	 0.0000000000000000e+00 	 0.0000000000000000e+00 	 1.1247229089650556e+01

	 1.000000 
	 9.6062337349511636e+05 	 2.2239158229251800e+05 	 0.0000000000000000e+00 	 0.0000000000000000e+00 	 0.0000000000000000e+00 	 1.7681485295541422e+05
	 2.2239158229212422e+05 	 1.5909374584825974e+07 	 0.0000000000000000e+00 	 0.0000000000000000e+00 	 0.0000000000000000e+00 	 1.3279481730479718e+05
	 0.0000000000000000e+00 	 0.0000000000000000e+00 	 1.1865913318947513e+08 	 -7.6508052205864899e+06 	 -7.9067193473421212e+05 	 0.0000000000000000e+00
	 0.0000000000000000e+00 	 0.0000000000000000e+00 	 -7.6508052205864321e+06 	 1.8772419093984358e+06 	 3.3199709121553904e+04 	 0.0000000000000000e+00
	 0.0000000000000000e+00 	 0.0000000000000000e+00 	 -7.9067193473421817e+05 	 3.3199709121546934e+04 	 1.9460907841303019e+05 	 0.0000000000000000e+00
	 1.7681485295541270e+05 	 1.3279481730484325e+05 	 0.0000000000000000e+00 	 0.0000000000000000e+00 	 0.0000000000000000e+00 	 9.5197219827819790e+04

	 5.4094110833657441e+00 	 0.0000000000000000e+00 	 0.0000000000000000e+00 	 0.0000000000000000e+00 	 0.0000000000000000e+00 	 2.4349410190486206e-01
	 0.0000000000000000e+00 	 5.4094110833657441e+00 	 0.0000000000000000e+00 	 0.0000000000000000e+00 	 0.0000000000000000e+00 	 3.6707127797791672e-02
	 0.0000000000000000e+00 	 0.0000000000000000e+00 	 5.4094110833657441e+00 	 -2.4349410190486206e-01 	 -3.6707127797791672e-02 	 0.0000000000000000e+00
	 0.0000000000000000e+00 	 0.0000000000000000e+00 	 -2.4349410190486206e-01 	 1.0057665571954341e-01 	 4.9105182064954089e-04 	 0.0000000000000000e+00
	 0.0000000000000000e+00 	 0.0000000000000000e+00 	 -3.6707127797791672e-02 	 4.9105182064954089e-04 	 7.5073779191858012e-03 	 0.0000000000000000e+00
	 2.4349410190486206e-01 	 3.6707127797791672e-02 	 0.0000000000000000e+00 	 0.0000000000000000e+00 	 0.0000000000000000e+00 	 1.0808403363872919e-01

